	RODE 145g		
Frequency (Hz)	Magnitude (dB)	Phase (degrees)	Coherence
10.742188	-27.55	6.17	0.91
11.718750	-20.16	33.75	0.99
12.695313	-18.57	49.84	0.99
13.671875	-17.62	27.25	0.99
14.648438	-13.15	32.71	0.83
15.625000	-34.84	46.50	0.83
16.601563	-25.52	103.79	0.98
17.578125	-23.08	81.41	0.99
18.554688	-18.15	74.92	0.98
19.531250	-28.86	148.49	0.43
20.507813	-12.82	29.04	0.99
21.484375	-12.23	37.40	0.98
22.460938	-20.20	72.84	0.93
23.437500	-27.59	-174.37	0.87
24.414063	-33.87	37.46	0.64
25.390625	-20.14	112.85	0.87
26.367188	-10.10	42.53	1.00
27.343750	-10.31	35.90	1.00
28.320313	-14.27	32.89	0.92
29.296875	-14.90	-89.26	0.57
30.273438	-21.91	-121.58	0.97
31.250000	-5.16	-32.25	0.97
32.226563	-0.54	-69.56	0.94
33.203125	-9.27	-130.62	0.96
34.179688	-15.92	-118.19	0.47
35.156250	-9.77	-104.50	0.98
36.132813	-4.97	-56.91	0.79
37.109375	-1.89	-71.99	1.00
38.085938	-2.26	-78.75	1.00
39.062500	3.98	-94.10	0.97
40.039063	0.11	-118.85	0.98
41.015625	2.49	-130.90	1.00
41.992188	2.48	-143.92	0.99
42.968750	2.67	-135.79	1.00
43.945313	1.84	-138.20	1.00
44.921875	1.39	-140.70	1.00
45.898438	1.09	-141.33	1.00
46.875000	0.45	-156.02	1.00
47.851563	1.19	-163.68	1.00
48.828125	0.43	150.95	0.94
49.804688	1.68	-137.67	0.99
50.781250	0.72	-151.27	1.00
51.757813	0.59	-146.95	1.00
52.734375	1.10	-140.57	1.00
53.710938	1.26	-152.07	1.00
54.687500	1.93	-155.46	1.00
55.664063	2.16	-157.83	1.00
56.640625	1.70	-157.58	1.00
57.617188	1.34	-156.13	1.00
58.593750	0.00	-153.42	1.00
59.570313	0.04	-160.29	1.00
60.546875	1.51	-163.83	1.00
61.523438	1.29	-166.67	1.00
62.500000	0.76	-168.69	1.00
63.476563	0.81	-170.51	1.00
64.453125	0.55	-170.30	1.00
65.429688	0.65	-168.57	1.00
66.406250	0.46	-171.05	1.00
67.382813	0.38	-170.79	1.00
68.359375	0.26	-173.63	1.00
69.335938	0.31	-174.01	1.00
70.312500	-0.69	-171.30	1.00
71.289063	-0.33	-172.09	1.00
72.265625	0.40	-169.71	1.00
73.242188	0.67	-169.44	1.00
74.218750	0.98	-167.74	1.00
75.195313	1.29	-169.11	1.00
76.171875	1.37	-171.64	1.00
77.148438	2.14	-176.46	1.00
78.125000	2.46	-178.33	1.00
79.101563	1.27	177.34	1.00
80.078125	2.04	171.98	1.00
81.054688	2.31	170.15	1.00
82.031250	0.96	166.33	1.00
83.007813	0.94	163.97	1.00
83.984375	0.85	164.54	1.00
84.960938	-0.27	160.98	1.00
85.937500	-0.01	159.75	1.00
86.914063	-0.82	159.82	1.00
87.890625	-0.65	159.15	1.00
88.867188	-0.88	160.31	1.00
89.843750	-1.16	160.52	1.00
90.820313	-1.18	160.33	1.00
91.796875	-1.45	160.80	1.00
92.773438	-1.48	160.15	1.00
93.750000	-1.59	159.79	1.00
94.726563	-1.82	157.83	1.00
95.703125	-1.80	157.69	1.00
96.679688	-2.01	157.20	1.00
97.656250	-1.71	156.49	1.00
98.632813	-2.18	154.16	1.00
99.609375	-2.37	152.43	1.00
100.585938	-2.32	150.10	1.00
101.562500	-3.70	153.15	1.00
102.539063	-3.78	153.65	1.00
103.515625	-3.97	153.71	1.00
104.492188	-4.09	155.25	1.00
105.468750	-4.26	157.98	1.00
106.445313	-4.67	158.57	1.00
107.421875	-4.52	158.33	1.00
108.398438	-4.50	157.82	1.00
109.375000	-4.94	158.49	1.00
110.351563	-5.09	158.28	1.00
111.328125	-5.45	156.54	1.00
112.304688	-5.45	158.33	1.00
113.281250	-5.68	160.19	1.00
114.257813	-5.96	158.71	1.00
115.234375	-6.20	160.81	1.00
116.210938	-6.71	166.34	1.00
117.187500	-6.64	165.34	1.00
118.164063	-6.85	167.28	1.00
119.140625	-7.03	168.49	1.00
120.117188	-7.25	-178.81	1.00
121.093750	-7.16	174.49	1.00
122.070313	-6.91	174.05	1.00
123.046875	-6.71	173.10	1.00
124.023438	-6.63	173.68	1.00
125.000000	-6.63	174.80	1.00
125.976563	-6.71	174.45	1.00
126.953125	-6.82	174.70	1.00
127.929688	-6.90	175.58	1.00
128.906250	-6.87	176.78	1.00
129.882813	-6.88	177.74	1.00
130.859375	-6.87	-178.93	1.00
131.835938	-6.80	-177.86	1.00
132.812500	-6.73	-176.97	1.00
133.789063	-6.54	-175.72	1.00
134.765625	-6.21	-174.96	1.00
135.742188	-6.22	-174.79	1.00
136.718750	-6.13	-174.31	1.00
137.695313	-5.66	-172.85	1.00
138.671875	-5.82	-174.35	1.00
140.625000	-6.04	-177.46	1.00
142.578125	-6.17	-178.40	1.00
144.531250	-6.30	-175.73	1.00
146.484375	-6.31	-173.46	1.00
148.437500	-6.71	-167.65	1.00
150.390625	-6.01	-161.99	1.00
152.343750	-5.78	-163.09	1.00
154.296875	-5.66	-161.12	1.00
156.250000	-4.96	-160.88	1.00
158.203125	-4.53	-159.11	1.00
160.156250	-3.96	-159.60	1.00
162.109375	-3.37	-158.44	1.00
164.062500	-3.68	-161.22	1.00
166.015625	-2.16	-166.56	1.00
167.968750	-2.12	-167.76	1.00
169.921875	-2.07	-178.73	1.00
171.875000	-1.63	-179.51	1.00
173.828125	-2.18	174.42	1.00
175.781250	-2.95	170.75	1.00
177.734375	-3.78	166.57	1.00
179.687500	-4.14	167.04	1.00
181.640625	-5.53	168.25	1.00
183.593750	-5.19	168.39	1.00
185.546875	-7.17	179.88	1.00
187.500000	-8.17	-175.34	1.00
189.453125	-7.42	-173.13	1.00
191.406250	-8.11	-168.83	0.99
193.359375	-6.69	-161.40	1.00
195.312500	-4.90	-157.21	1.00
197.265625	-4.55	-156.26	1.00
199.218750	-4.43	-155.71	1.00
201.171875	-3.06	-158.30	1.00
203.125000	-2.59	-160.37	1.00
205.078125	-1.80	-161.61	1.00
207.031250	-1.34	-162.59	1.00
208.984375	-0.06	-165.79	1.00
210.937500	0.29	-172.50	1.00
212.890625	-0.19	-176.95	1.00
214.843750	-0.42	165.97	1.00
216.796875	-0.90	163.85	1.00
218.750000	-2.16	157.00	1.00
220.703125	-2.60	154.82	1.00
222.656250	-3.09	153.44	1.00
224.609375	-4.14	154.41	1.00
226.562500	-5.53	155.94	1.00
228.515625	-5.72	155.65	1.00
230.468750	-5.94	155.59	1.00
232.421875	-7.19	157.43	1.00
234.375000	-7.76	157.99	1.00
236.328125	-8.75	157.77	1.00
238.281250	-8.97	157.09	1.00
240.234375	-10.96	166.06	0.98
242.187500	-12.14	-179.32	0.99
244.140625	-12.93	-166.89	0.99
246.093750	-11.82	-157.42	1.00
248.046875	-11.34	-153.29	1.00
250.000000	-10.49	-141.03	0.97
251.953125	-8.51	-135.64	1.00
253.906250	-6.89	-135.11	0.99
255.859375	-6.34	-134.10	1.00
257.812500	-4.94	-132.98	1.00
259.765625	-4.10	-134.82	1.00
261.718750	-3.00	-137.98	1.00
263.671875	-2.88	-138.96	1.00
265.625000	-1.96	-146.20	1.00
267.578125	-1.74	-147.41	1.00
269.531250	-1.69	-148.58	1.00
271.484375	-1.61	-149.12	1.00
273.437500	-1.26	-148.66	1.00
275.390625	-1.03	-148.52	1.00
277.343750	-0.68	-151.27	1.00
281.250000	2.20	-156.61	0.98
285.156250	3.46	-166.84	0.99
289.062500	2.46	170.95	0.97
292.968750	-1.59	165.10	0.99
296.875000	-1.24	148.05	0.99
300.781250	-3.05	152.78	0.99
304.687500	-3.48	153.77	1.00
308.593750	-3.69	161.40	1.00
312.500000	-4.64	161.00	1.00
316.406250	-5.34	161.20	1.00
320.312500	-5.96	162.50	1.00
324.218750	-5.28	163.72	1.00
328.125000	-7.54	179.61	1.00
332.031250	-8.16	-178.09	0.99
335.937500	-6.45	-169.39	1.00
339.843750	-6.17	-173.31	0.99
343.750000	-4.21	-171.27	0.99
347.656250	-1.95	-177.19	0.99
351.562500	-1.23	162.15	0.99
355.468750	-5.20	164.19	0.98
359.375000	-7.00	169.53	0.99
363.281250	-7.33	176.28	1.00
367.187500	-7.57	179.21	1.00
371.093750	-7.77	-176.15	1.00
375.000000	-8.05	-170.22	1.00
378.906250	-8.08	-167.53	1.00
382.812500	-6.99	-162.35	1.00
386.718750	-6.91	-159.23	1.00
390.625000	-6.10	-156.56	1.00
394.531250	-6.03	-158.46	1.00
398.437500	-7.20	-157.52	1.00
402.343750	-6.60	-152.09	1.00
406.250000	-5.83	-141.12	0.98
410.156250	-2.15	-142.47	0.96
414.062500	-0.36	-148.02	1.00
417.968750	-0.80	-154.22	1.00
421.875000	0.09	-169.65	0.99
425.781250	-0.14	-170.37	1.00
429.687500	-0.76	-170.91	1.00
433.593750	-1.50	-174.30	1.00
437.500000	-1.60	-174.81	1.00
441.406250	-1.68	-176.43	1.00
445.312500	-1.57	-178.55	1.00
449.218750	-2.03	177.75	1.00
453.125000	-2.15	178.95	1.00
457.031250	-2.73	178.17	1.00
460.937500	-2.79	178.17	1.00
464.843750	-2.81	177.65	1.00
468.750000	-3.09	175.70	1.00
472.656250	-3.41	175.60	1.00
476.562500	-3.33	177.51	1.00
480.468750	-3.22	175.54	1.00
484.375000	-3.46	171.66	1.00
488.281250	-3.74	172.72	1.00
492.187500	-4.43	171.55	1.00
496.093750	-4.75	172.12	1.00
500.000000	-5.17	172.65	1.00
503.906250	-5.71	173.09	1.00
507.812500	-5.79	175.77	1.00
511.718750	-6.05	179.03	1.00
515.625000	-6.26	-179.79	1.00
519.531250	-6.44	-166.93	1.00
523.437500	-6.29	-167.69	1.00
527.343750	-5.59	-165.46	1.00
531.250000	-5.03	-165.95	1.00
535.156250	-5.23	-164.05	1.00
539.062500	-4.87	-167.36	0.97
542.968750	-5.71	-176.27	0.98
546.875000	-5.91	-175.16	1.00
550.781250	-5.66	-173.83	1.00
554.687500	-4.92	-162.89	1.00
560.000000	-5.44	-165.16	1.00
568.000000	-4.97	-162.64	1.00
576.000000	-3.98	-154.35	0.99
584.000000	-2.00	-148.55	0.98
592.000000	-2.68	-142.49	0.98
600.000000	-1.03	176.07	0.99
608.000000	-3.54	173.62	1.00
616.000000	-2.71	174.01	0.99
624.000000	-4.07	167.70	1.00
632.000000	-5.74	179.20	0.99
640.000000	-5.35	174.77	0.98
648.000000	-5.50	-150.66	0.98
656.000000	-1.55	-165.26	0.99
664.000000	-2.10	-170.97	1.00
672.000000	-2.96	-175.85	0.99
680.000000	-2.08	-179.77	0.99
688.000000	-3.85	174.46	1.00
696.000000	-4.30	-177.41	1.00
704.000000	-4.03	-174.97	1.00
712.000000	-4.10	179.94	1.00
720.000000	-4.58	179.80	1.00
728.000000	-5.26	-177.97	1.00
736.000000	-5.31	-171.62	1.00
744.000000	-5.14	-169.92	1.00
752.000000	-4.96	-167.02	1.00
760.000000	-5.27	-160.59	1.00
768.000000	-3.65	-173.90	0.99
776.000000	-3.63	-160.39	0.99
784.000000	-2.53	-161.23	1.00
792.000000	-1.57	-158.95	1.00
800.000000	-0.88	-163.71	1.00
808.000000	-0.31	-171.98	1.00
816.000000	-1.27	-179.24	1.00
824.000000	-4.33	160.71	0.99
832.000000	-2.75	160.00	0.99
840.000000	-4.64	167.29	0.99
848.000000	-5.80	173.60	1.00
856.000000	-5.72	-175.97	0.99
864.000000	-6.10	-169.67	1.00
872.000000	-6.14	-163.77	0.99
880.000000	-4.81	-158.12	1.00
888.000000	-4.22	-160.03	1.00
896.000000	-3.91	-160.74	1.00
904.000000	-3.78	-164.95	0.99
912.000000	-2.67	-164.42	1.00
920.000000	-2.42	-163.03	1.00
928.000000	-1.68	-162.94	1.00
936.000000	-1.46	-164.60	1.00
944.000000	-1.41	-174.80	1.00
952.000000	-1.49	-178.45	1.00
960.000000	-2.24	177.64	1.00
968.000000	-2.83	177.35	1.00
976.000000	-3.36	176.31	1.00
984.000000	-4.11	174.66	1.00
992.000000	-6.31	-179.45	1.00
1000.000000	-5.73	-177.94	1.00
1008.000000	-5.05	-166.48	1.00
1016.000000	-3.62	-161.49	1.00
1024.000000	-2.93	-166.01	1.00
1032.000000	-3.73	-168.78	1.00
1040.000000	-4.04	-167.73	1.00
1048.000000	-3.95	-166.65	1.00
1056.000000	-3.42	-164.18	1.00
1064.000000	-2.92	-162.40	1.00
1072.000000	-1.70	-161.09	0.98
1080.000000	0.60	-164.81	0.99
1088.000000	0.98	179.85	0.98
1096.000000	-0.30	171.22	0.99
1104.000000	-2.28	166.68	0.99
1112.000000	-3.50	168.99	1.00
1120.000000	-3.95	171.64	1.00
1128.000000	-4.03	172.01	1.00
1136.000000	-4.75	171.86	1.00
1144.000000	-5.93	174.84	0.99
1152.000000	-6.42	-177.65	1.00
1160.000000	-6.12	-171.96	0.99
1168.000000	-5.24	-165.50	1.00
1176.000000	-4.66	-164.00	1.00
1184.000000	-4.16	-162.93	1.00
1192.000000	-3.66	-163.22	1.00
1200.000000	-3.04	-165.57	1.00
1208.000000	-2.70	-168.43	1.00
1216.000000	-2.71	-169.39	1.00
1224.000000	-2.79	-169.88	1.00
1232.000000	-2.68	-171.14	1.00
1240.000000	-2.53	-173.28	1.00
1248.000000	-2.72	-177.32	1.00
1256.000000	-3.31	179.10	1.00
1264.000000	-4.01	176.87	1.00
1272.000000	-4.32	-178.09	1.00
1280.000000	-4.53	-175.41	1.00
1288.000000	-4.47	-173.89	1.00
1296.000000	-4.06	-173.22	1.00
1304.000000	-3.78	-170.93	1.00
1312.000000	-3.45	-170.71	1.00
1320.000000	-3.39	-171.10	1.00
1328.000000	-3.34	-170.84	1.00
1336.000000	-3.40	-172.31	1.00
1344.000000	-3.41	-175.51	1.00
1352.000000	-3.94	-175.53	1.00
1360.000000	-4.39	-173.93	1.00
1368.000000	-4.62	-173.10	1.00
1376.000000	-4.83	-173.06	1.00
1384.000000	-5.41	-171.36	1.00
1392.000000	-5.60	-162.13	1.00
1400.000000	-5.24	-157.70	0.99
1408.000000	-3.78	-155.22	0.99
1416.000000	-2.63	-153.92	1.00
1424.000000	-1.79	-154.62	1.00
1432.000000	-0.76	-158.12	1.00
1440.000000	0.65	-164.05	0.99
1448.000000	1.20	-173.21	0.99
1456.000000	0.09	167.29	0.84
1464.000000	-1.70	158.51	1.00
1472.000000	-3.37	156.46	0.99
1480.000000	-5.06	158.09	1.00
1488.000000	-6.68	168.26	0.99
1496.000000	-8.35	179.50	0.96
1504.000000	-8.30	-168.22	0.99
1512.000000	-7.38	-163.79	0.97
1520.000000	-5.50	-153.69	1.00
1528.000000	-4.42	-153.29	1.00
1536.000000	-3.64	-156.58	1.00
1544.000000	-3.36	-159.55	1.00
1552.000000	-3.12	-162.04	1.00
1560.000000	-2.73	-162.73	1.00
1568.000000	-2.56	-164.04	1.00
1576.000000	-2.41	-165.57	1.00
1584.000000	-2.19	-168.65	1.00
1592.000000	-2.14	-174.20	1.00
1600.000000	-2.38	-177.67	1.00
1608.000000	-3.13	179.32	1.00
1616.000000	-3.99	179.16	1.00
1624.000000	-4.75	-178.43	1.00
1632.000000	-5.06	-173.27	1.00
1640.000000	-5.35	-165.94	1.00
1648.000000	-5.09	-162.30	1.00
1656.000000	-4.42	-159.93	0.99
1664.000000	-3.83	-160.56	1.00
1672.000000	-3.57	-162.20	1.00
1680.000000	-3.60	-162.62	1.00
1688.000000	-3.63	-162.31	1.00
1696.000000	-3.39	-159.88	1.00
1704.000000	-3.09	-159.01	1.00
1712.000000	-2.69	-161.25	1.00
1720.000000	-2.66	-163.26	1.00
1728.000000	-2.65	-164.47	1.00
1736.000000	-2.59	-165.43	1.00
1744.000000	-2.43	-166.76	1.00
1752.000000	-2.31	-168.97	1.00
1760.000000	-2.29	-171.26	1.00
1768.000000	-3.15	-171.00	1.00
1776.000000	-3.43	-168.13	1.00
1784.000000	-2.97	-163.92	1.00
1792.000000	-2.56	-160.78	0.99
1800.000000	-2.02	-164.39	1.00
1808.000000	-2.07	-167.37	1.00
1816.000000	-2.21	-170.17	1.00
1824.000000	-2.34	-171.18	1.00
1832.000000	-2.55	-172.10	1.00
1840.000000	-2.72	-172.90	1.00
1848.000000	-3.03	-174.24	1.00
1856.000000	-3.47	-175.70	1.00
1866.665649	-4.22	-171.01	1.00
1893.332275	-3.12	-165.43	1.00
1919.998901	-3.04	-168.23	1.00
1946.665527	-3.58	-158.55	0.98
1973.332153	-0.07	-172.06	0.97
1999.998779	-2.29	-175.48	0.99
2026.665405	-2.68	-177.67	0.99
2053.332031	-0.34	-144.64	0.74
2079.998779	-0.18	-167.81	0.94
2106.665527	-1.51	161.89	0.86
2133.332275	-3.75	-171.26	0.88
2159.999023	-10.55	-142.99	0.84
2186.665771	-0.36	-159.29	0.99
2213.332520	-0.83	-171.36	0.99
2239.999268	-2.46	-178.75	0.99
2266.666016	-3.84	-169.49	0.99
2293.332764	-2.99	-168.15	1.00
2319.999512	-3.84	-168.50	1.00
2346.666260	-3.05	-165.00	0.99
2373.333008	-2.78	-153.44	0.99
2399.999756	-0.40	-173.40	1.00
2426.666504	-2.25	-177.24	1.00
2453.333252	-3.51	174.21	0.99
2480.000000	-4.83	-179.15	0.98
2506.666748	-4.68	-152.16	0.98
2533.333496	-1.13	-162.39	0.96
2560.000244	1.59	-173.68	0.97
2586.666992	-3.67	-173.05	0.99
2613.333740	-3.04	-155.19	0.96
2640.000488	-3.72	-151.23	0.99
2666.667236	-3.11	-154.80	1.00
2693.333984	-1.44	-131.30	0.97
2720.000732	2.68	-143.15	0.95
2746.667480	-0.95	-177.03	0.91
2773.334229	-2.91	173.90	0.95
2800.000977	-4.02	-155.71	0.99
2826.667725	-2.51	-152.19	0.99
2853.334473	-0.75	-150.28	0.99
2880.001221	0.64	-157.79	1.00
2906.667969	0.19	-165.90	0.99
2933.334717	-3.26	-171.61	0.99
2960.001465	-5.26	-159.52	0.97
2986.668213	-4.43	-150.59	0.99
3013.334961	-1.38	-144.37	0.99
3040.001709	0.45	-148.25	0.98
3066.668457	0.21	-166.11	0.98
3093.335205	-0.73	-163.72	1.00
3120.001953	-1.92	-164.44	1.00
3146.668701	-2.74	-160.58	0.99
3173.335449	-1.86	-164.79	0.96
3200.002197	0.18	-156.27	0.99
3226.668945	0.50	-162.95	1.00
3253.335693	0.08	-170.50	1.00
3280.002441	-0.13	-175.77	0.98
3306.669189	-0.59	-160.95	1.00
3333.335938	-0.98	-158.13	1.00
3360.002686	-1.06	-157.05	0.99
3386.669434	0.32	-159.42	0.99
3413.336182	1.25	-160.06	0.99
3440.002930	0.94	-169.29	1.00
3466.669678	0.59	-168.90	0.99
3493.336426	0.52	-146.69	0.93
3520.003174	0.10	-134.33	0.95
3546.669922	2.56	-143.10	0.97
3573.336670	1.90	-168.58	0.99
3600.003418	1.27	178.23	0.98
3626.670166	-0.16	-172.24	0.95
3653.336914	-0.62	-165.56	1.00
3680.003662	-0.53	-162.97	0.99
3706.670410	0.43	-161.53	0.99
3733.337158	1.57	-169.91	0.98
3760.003906	2.00	175.64	0.97
3786.670654	-0.87	173.20	0.99
3813.337402	-1.56	-177.75	0.99
3840.004150	-0.19	-148.00	0.96
3866.670898	3.84	-155.50	0.93
3893.337646	2.32	-171.84	0.96
3920.004395	1.29	179.67	0.99
3946.671143	1.00	175.18	0.99
3973.337891	-0.95	-175.99	0.95
4000.004639	-0.15	-160.20	0.96
4026.671387	2.10	-162.22	0.99
4053.338135	2.50	-173.89	0.99
4080.004883	2.20	-174.54	0.99
4106.671387	0.73	172.09	0.96
4133.337891	-0.72	179.78	0.99
4160.004395	-1.35	-170.15	0.91
4186.670898	3.55	-166.68	0.94
4213.337402	3.21	-172.24	0.99
4240.003906	1.80	-176.47	0.99
4266.670410	0.83	-177.00	0.99
4293.336914	-0.25	-173.08	0.99
4320.003418	-1.23	-167.47	0.98
4346.669922	0.42	-170.81	0.99
4373.336426	1.06	-171.43	1.00
4400.002930	1.12	-174.19	1.00
4426.669434	0.53	-176.15	1.00
4453.335938	-0.62	-174.18	0.99
4480.002441	-2.27	-166.06	0.93
4506.668945	-0.42	-163.76	0.97
4533.335449	1.35	-167.75	1.00
4560.001953	1.37	-173.51	1.00
4586.668457	0.64	-174.65	0.99
4613.334961	-0.06	-166.77	0.99
4640.001465	0.84	-166.29	0.99
4666.667969	0.86	-165.89	1.00
4693.334473	0.99	-163.23	1.00
4720.000977	1.38	-162.06	1.00
4746.667480	1.46	-165.55	0.99
4773.333984	1.79	-168.85	1.00
4800.000488	2.37	-164.09	0.98
4826.666992	2.20	-157.25	0.97
4853.333496	2.49	-163.76	0.98
4880.000000	3.57	-169.06	1.00
4906.666504	2.80	-169.95	1.00
4933.333008	2.86	-168.46	1.00
4959.999512	3.24	-168.83	1.00
4986.666016	3.60	-169.28	1.00
5013.332520	4.00	-169.89	1.00
5039.999023	4.07	-170.93	1.00
5066.665527	4.11	-174.06	1.00
5093.332031	3.92	-178.37	1.00
5119.998535	3.63	-177.62	1.00
5146.665039	3.56	-176.86	1.00
5173.331543	3.50	-177.14	1.00
5199.998047	3.47	-176.62	1.00
5226.664551	3.72	-179.34	0.99
5253.331055	3.41	179.79	1.00
5279.997559	3.12	179.24	1.00
5306.664063	2.80	-178.84	0.99
5333.330566	2.81	-177.06	0.98
5359.997070	3.59	178.98	0.98
5386.663574	3.75	-176.92	0.98
5413.330078	3.20	-174.77	1.00
5439.996582	3.53	-173.92	0.99
5466.663086	4.04	-176.51	0.99
5493.329590	4.13	179.80	0.99
5519.996094	4.34	-178.89	1.00
5546.662598	4.66	-174.61	0.94
5573.329102	4.85	-174.13	0.99
5599.995605	4.99	-177.22	0.99
5626.662109	4.73	177.70	1.00
5653.328613	4.63	179.39	0.99
5679.995117	5.30	-174.82	0.99
5706.661621	5.60	-176.13	1.00
5733.328125	5.75	178.36	1.00
5759.994629	5.53	175.57	1.00
5786.661133	5.47	177.16	1.00
5813.327637	5.55	177.96	1.00
5839.994141	5.77	176.97	1.00
5866.660645	5.93	176.52	1.00
5893.327148	6.12	173.38	1.00
5919.993652	6.10	169.10	1.00
5946.660156	5.98	168.76	1.00
5973.326660	5.47	174.32	0.99
5999.993164	5.52	177.46	1.00
6026.659668	6.13	175.85	0.99
6053.326172	6.97	169.24	0.96
6079.992676	6.32	166.08	0.97
6106.659180	6.19	165.77	1.00
6133.325684	6.28	169.46	1.00
6159.992188	6.45	172.25	1.00
6186.658691	7.19	175.65	0.95
6213.325195	7.73	167.33	0.94
6239.991699	7.37	153.31	0.98
6266.658203	6.68	150.95	0.99
6293.324707	5.95	150.72	0.98
6319.991211	5.84	156.41	0.98
6346.657715	6.87	154.09	0.99
6373.324219	7.71	145.41	0.99
6399.990723	7.19	140.32	0.99
6426.657227	6.40	141.34	0.99
6453.323730	6.27	144.77	0.99
6479.990234	7.21	146.99	1.00
6506.656738	8.15	145.93	1.00
6533.323242	8.65	138.05	0.90
6559.989746	8.45	127.95	0.99
6586.656250	7.64	126.77	0.99
6613.322754	6.06	130.58	0.97
6639.989258	5.23	136.95	0.99
6666.655762	6.07	139.86	0.92
6693.322266	6.98	133.30	0.99
6719.988770	6.46	122.61	0.98
6746.655273	5.90	118.73	0.99
6773.321777	6.22	123.46	0.93
6799.988281	7.27	130.16	0.96
6826.654785	7.71	130.75	0.99
6853.321289	7.43	123.95	1.00
6879.987793	6.97	119.83	1.00
6906.654297	6.39	117.18	1.00
6933.320801	5.91	116.24	1.00
6959.987305	5.59	117.43	1.00
6986.653809	5.41	118.27	1.00
7013.320313	5.26	115.50	0.97
7039.986816	5.12	108.95	1.00
7066.653320	4.77	105.25	1.00
7093.319824	3.94	104.36	0.95
7119.986328	3.33	105.13	0.96
7146.652832	4.33	101.95	0.94
7173.319336	4.76	99.45	0.97
7199.985840	4.63	101.22	1.00
7226.652344	4.23	102.60	1.00
7253.318848	3.59	102.81	0.99
7279.985352	3.11	103.01	0.99
7306.651855	3.14	105.28	0.99
7333.318359	3.19	106.50	1.00
7359.984863	3.05	104.61	1.00
7386.651367	2.75	103.37	0.99
7413.317871	2.17	102.94	1.00
7439.984375	2.09	105.23	1.00
7466.650879	2.38	108.62	1.00
7493.317383	2.96	108.93	1.00
7519.983887	2.89	105.06	0.99
7546.650391	2.56	103.88	1.00
7573.316895	2.25	103.82	1.00
7599.983398	1.99	103.43	1.00
7626.649902	1.57	102.86	1.00
7653.316406	1.53	103.46	1.00
7679.982910	1.68	103.63	1.00
7706.649414	1.74	103.22	1.00
7733.315918	1.62	102.80	1.00
7759.982422	1.43	102.95	1.00
7786.648926	1.23	103.60	1.00
7813.315430	1.08	105.08	1.00
7839.981934	1.00	106.16	0.99
7866.648438	1.04	104.89	1.00
7893.314941	0.69	103.14	1.00
7919.981445	0.55	101.57	1.00
7946.647949	0.60	99.90	1.00
7973.314453	0.47	98.97	1.00
7999.980957	0.34	98.99	1.00
8026.647461	0.45	99.60	1.00
8053.313965	0.47	99.07	1.00
8079.980469	0.35	98.04	1.00
8106.646973	0.15	97.31	1.00
8133.313477	-0.17	96.87	1.00
8159.979980	-0.42	97.22	0.99
8186.646484	-0.27	96.68	1.00
8213.313477	-0.31	95.05	1.00
8239.980469	-0.54	93.97	1.00
8266.647461	-0.88	94.09	1.00
8293.314453	-0.95	94.58	1.00
8319.981445	-0.88	93.63	1.00
8346.648438	-1.08	92.88	1.00
8373.315430	-1.41	93.34	1.00
8399.982422	-1.66	93.71	1.00
8426.649414	-1.86	94.07	1.00
8453.316406	-2.23	94.99	0.99
8479.983398	-2.57	95.67	0.99
8506.650391	-2.49	96.72	1.00
8533.317383	-2.63	96.45	1.00
8559.984375	-2.92	96.86	1.00
8586.651367	-3.19	97.64	1.00
8613.318359	-3.18	97.80	1.00
8639.985352	-3.08	95.73	1.00
8666.652344	-3.31	93.56	1.00
8693.319336	-3.80	94.38	1.00
8719.986328	-3.91	96.37	1.00
8746.653320	-3.78	97.74	1.00
8773.320313	-3.95	97.95	1.00
8799.987305	-4.10	99.37	1.00
8826.654297	-4.14	100.13	1.00
8853.321289	-4.17	99.58	1.00
8879.988281	-4.25	98.86	1.00
8906.655273	-4.23	98.88	1.00
8933.322266	-4.15	99.66	1.00
8959.989258	-4.16	99.37	1.00
8986.656250	-4.51	98.46	0.99
9013.323242	-5.02	98.53	1.00
9039.990234	-5.37	99.66	1.00
9066.657227	-5.61	101.08	1.00
9093.324219	-5.82	102.54	1.00
9119.991211	-5.91	104.37	1.00
9146.658203	-5.82	105.88	1.00
9173.325195	-5.71	107.18	1.00
9199.992188	-5.74	108.52	1.00
9226.659180	-5.69	109.26	1.00
9253.326172	-5.67	109.86	1.00
9279.993164	-5.62	110.45	1.00
9306.660156	-5.58	110.70	1.00
9333.327148	-5.72	110.11	1.00
9359.994141	-5.88	110.64	1.00
9386.661133	-6.01	111.61	1.00
9413.328125	-6.09	113.51	1.00
9439.995117	-6.13	115.18	1.00
9466.662109	-6.14	116.97	1.00
9493.329102	-6.25	116.74	1.00
9519.996094	-6.21	117.03	1.00
9546.663086	-6.14	117.38	1.00
9573.330078	-6.18	117.74	1.00
9600.000977	-6.25	114.70	1.00
9733.333984	-5.45	118.83	0.99
9866.666992	-5.91	123.35	1.00
10000.000000	-5.63	121.06	0.99
10133.333008	-5.37	123.44	1.00
10266.666016	-6.47	123.45	1.00
10399.999023	-6.42	123.50	1.00
10533.332031	-7.84	125.61	0.98
10666.665039	-6.46	144.45	0.99
10799.998047	-5.90	145.25	1.00
10933.331055	-5.45	144.21	0.99
11066.664063	-4.91	149.66	1.00
11199.997070	-3.56	143.31	0.97
11333.330078	-3.59	156.68	0.99
11466.663086	-1.52	145.25	0.99
11599.996094	-2.64	146.09	0.99
11733.329102	-2.91	141.00	0.98
11866.662109	-3.69	120.40	0.97
11999.995117	-1.73	138.49	0.99
12133.328125	0.07	132.26	0.98
12266.661133	0.05	110.12	0.96
12399.994141	0.28	107.02	0.97
12533.327148	-1.62	103.27	1.00
12666.660156	-2.18	106.43	1.00
12799.993164	-2.36	106.53	1.00
12933.326172	-2.65	107.31	0.99
13066.659180	-3.85	101.05	0.99
13199.992188	-4.25	103.74	1.00
13333.325195	-4.54	102.16	1.00
13466.658203	-4.08	101.47	0.99
13599.991211	-5.30	108.03	0.99
13733.324219	-5.16	106.33	1.00
13866.657227	-4.57	103.37	1.00
13999.990234	-4.28	102.46	1.00
14133.323242	-4.07	101.26	1.00
14266.656250	-4.10	99.28	0.99
14399.989258	-5.40	88.29	1.00
14533.322266	-5.37	89.40	1.00
14666.655273	-5.95	88.99	1.00
14799.988281	-5.80	90.97	0.99
14933.321289	-6.33	83.98	1.00
15066.654297	-6.87	90.15	1.00
15199.987305	-6.99	89.21	1.00
15333.320313	-6.89	98.02	0.98
15466.653320	-6.61	98.36	1.00
15599.986328	-7.61	90.21	1.00
15733.319336	-7.82	92.90	1.00
15866.652344	-7.71	96.40	0.99
15999.985352	-8.75	96.26	1.00
16133.318359	-9.23	97.37	1.00
16266.651367	-9.08	97.81	1.00
16399.984375	-8.38	98.88	1.00
16533.318359	-8.21	101.48	1.00
16666.652344	-7.91	95.93	1.00
16799.986328	-8.12	94.18	1.00
16933.320313	-8.15	96.71	0.99
17066.654297	-7.57	90.77	0.99
17199.988281	-7.84	92.54	1.00
17333.322266	-8.31	92.32	1.00
17466.656250	-8.68	92.35	1.00
17599.990234	-8.63	93.45	1.00
17733.324219	-8.47	94.01	1.00
17866.658203	-8.46	92.72	1.00
17999.992188	-8.46	91.07	1.00
18133.326172	-8.34	93.35	1.00
18266.660156	-9.27	90.32	0.99
18399.994141	-8.35	89.06	1.00
18533.328125	-7.54	84.10	1.00
18666.662109	-7.64	82.68	0.99
18799.996094	-7.92	84.64	0.98
18933.330078	-7.68	84.59	1.00
19066.664063	-7.48	83.42	1.00
19199.998047	-6.92	81.57	1.00
19333.332031	-6.94	73.50	1.00
19466.666016	-7.60	68.67	1.00
19600.000000	-8.16	68.32	0.99
19733.333984	-8.49	64.12	1.00
19866.667969	-8.66	64.72	1.00
20000.001953	-8.59	66.84	1.00
