	RODE 150g		
Frequency (Hz)	Magnitude (dB)	Phase (degrees)	Coherence
10.742188	-23.48	121.67	0.96
11.718750	-17.17	86.96	0.99
12.695313	-18.80	89.31	0.90
13.671875	-17.01	3.68	0.98
14.648438	-15.26	68.88	0.99
15.625000	-14.95	48.61	0.99
16.601563	-21.17	-3.63	0.99
17.578125	-23.46	13.32	1.00
18.554688	-25.28	12.11	0.97
19.531250	-31.42	-152.40	0.99
20.507813	-26.79	116.54	0.94
21.484375	-22.31	45.27	0.98
22.460938	-21.02	-18.47	0.97
23.437500	-20.08	54.42	0.88
24.414063	-14.74	36.41	0.99
25.390625	-7.95	27.74	0.98
26.367188	-11.44	26.60	1.00
27.343750	-12.75	32.87	1.00
28.320313	-14.51	27.28	1.00
29.296875	-24.78	35.91	0.69
30.273438	-5.59	23.41	0.58
31.250000	-5.34	-14.97	1.00
32.226563	-6.40	-48.71	0.98
33.203125	-5.79	-114.89	0.99
34.179688	-10.63	-102.49	0.92
35.156250	-9.20	-56.20	0.99
36.132813	-5.42	-60.03	0.93
37.109375	-3.08	-90.36	1.00
38.085938	-3.96	-83.44	1.00
39.062500	9.00	-44.79	0.97
40.039063	5.02	-101.74	0.93
41.015625	3.60	-134.85	1.00
41.992188	5.58	-137.73	1.00
42.968750	4.29	-131.04	1.00
43.945313	1.39	-134.86	1.00
44.921875	1.64	-140.66	1.00
45.898438	1.39	-140.06	1.00
46.875000	2.93	-135.12	0.98
47.851563	3.39	-135.67	1.00
48.828125	7.71	-157.89	0.96
49.804688	-1.22	-140.14	0.98
50.781250	2.90	-142.96	1.00
51.757813	2.09	-147.25	1.00
52.734375	2.07	-141.68	1.00
53.710938	1.68	-139.97	1.00
54.687500	2.05	-154.94	1.00
55.664063	2.36	-155.93	1.00
56.640625	2.33	-155.98	1.00
57.617188	2.07	-155.67	1.00
58.593750	2.16	-158.51	1.00
59.570313	1.94	-156.94	1.00
60.546875	3.34	-154.66	1.00
61.523438	2.33	-164.28	1.00
62.500000	2.25	-168.28	1.00
63.476563	1.90	-169.33	1.00
64.453125	1.65	-170.12	1.00
65.429688	1.67	-171.66	1.00
66.406250	1.43	-172.28	1.00
67.382813	1.29	-171.54	1.00
68.359375	1.04	-174.61	1.00
69.335938	0.91	-174.96	1.00
70.312500	0.28	-172.19	1.00
71.289063	0.51	-173.54	1.00
72.265625	0.66	-168.31	1.00
73.242188	1.26	-170.33	1.00
74.218750	1.72	-168.68	1.00
75.195313	2.12	-169.30	1.00
76.171875	2.13	-169.24	1.00
77.148438	2.50	-174.67	1.00
78.125000	2.95	-176.03	1.00
79.101563	1.36	-178.38	0.98
80.078125	2.43	169.69	1.00
81.054688	2.68	168.81	1.00
82.031250	1.13	168.26	1.00
83.007813	1.37	165.36	1.00
83.984375	1.40	165.69	1.00
84.960938	0.38	163.41	1.00
85.937500	0.65	163.00	1.00
86.914063	-0.14	161.50	1.00
87.890625	0.08	162.65	1.00
88.867188	-0.02	163.35	1.00
89.843750	-0.14	163.60	1.00
90.820313	-0.14	163.74	1.00
91.796875	-0.37	163.14	1.00
92.773438	-0.39	162.88	1.00
93.750000	-0.34	162.52	1.00
94.726563	-0.64	159.77	1.00
95.703125	-0.46	159.68	1.00
96.679688	-0.57	159.48	1.00
97.656250	-0.39	154.91	1.00
98.632813	-1.18	152.94	1.00
99.609375	-1.50	150.97	1.00
100.585938	-1.47	148.85	1.00
101.562500	-2.46	153.28	1.00
102.539063	-2.55	155.26	1.00
103.515625	-2.82	155.52	1.00
104.492188	-2.86	157.44	1.00
105.468750	-3.25	159.65	1.00
106.445313	-3.07	157.32	1.00
107.421875	-3.27	158.26	1.00
108.398438	-3.37	158.33	1.00
109.375000	-3.67	158.80	1.00
110.351563	-3.77	159.21	1.00
111.328125	-3.97	158.23	1.00
112.304688	-4.04	158.62	1.00
113.281250	-4.44	160.42	1.00
114.257813	-4.59	158.53	1.00
115.234375	-4.78	159.54	1.00
116.210938	-5.36	161.88	1.00
117.187500	-5.31	162.57	1.00
118.164063	-5.67	166.51	1.00
119.140625	-5.60	165.06	1.00
120.117188	-5.80	165.82	1.00
121.093750	-5.85	168.54	1.00
122.070313	-5.68	169.85	1.00
123.046875	-5.42	171.36	1.00
124.023438	-5.46	171.59	1.00
125.000000	-5.69	172.82	1.00
125.976563	-5.62	172.92	1.00
126.953125	-5.65	173.17	1.00
127.929688	-5.65	173.80	1.00
128.906250	-5.59	175.31	1.00
129.882813	-5.72	175.40	1.00
130.859375	-5.68	178.76	1.00
131.835938	-5.61	178.84	1.00
132.812500	-5.61	179.33	1.00
133.789063	-5.59	-179.56	1.00
134.765625	-5.41	-178.92	1.00
135.742188	-5.43	-178.74	1.00
136.718750	-5.39	-177.72	1.00
137.695313	-5.21	-174.87	1.00
138.671875	-5.09	-177.22	1.00
140.625000	-5.47	-178.02	1.00
142.578125	-5.43	179.60	1.00
144.531250	-5.30	-176.90	1.00
146.484375	-5.39	-176.77	1.00
148.437500	-5.60	-170.30	1.00
150.390625	-5.48	-168.65	1.00
152.343750	-4.75	-165.75	1.00
154.296875	-4.98	-164.21	1.00
156.250000	-4.08	-162.93	1.00
158.203125	-4.04	-160.74	1.00
160.156250	-3.60	-162.10	1.00
162.109375	-3.11	-162.35	1.00
164.062500	-3.13	-158.79	1.00
166.015625	-1.63	-166.60	1.00
167.968750	-1.75	-168.18	1.00
169.921875	-1.33	-176.69	1.00
171.875000	-1.00	179.74	1.00
173.828125	-1.16	176.52	1.00
175.781250	-2.83	171.60	0.99
177.734375	-3.26	168.16	1.00
179.687500	-3.30	167.31	1.00
181.640625	-5.20	167.79	1.00
183.593750	-4.57	166.36	1.00
185.546875	-7.13	-176.88	1.00
187.500000	-6.89	-175.65	1.00
189.453125	-6.60	-171.80	1.00
191.406250	-6.96	-163.15	1.00
193.359375	-6.18	-158.05	1.00
195.312500	-4.05	-155.08	1.00
197.265625	-3.32	-155.52	1.00
199.218750	-2.84	-154.28	1.00
201.171875	-2.34	-160.57	1.00
203.125000	-1.85	-161.94	1.00
205.078125	-0.83	-164.31	1.00
207.031250	-0.44	-165.31	1.00
208.984375	0.65	-169.11	1.00
210.937500	0.86	-173.65	1.00
212.890625	0.27	-174.91	0.99
214.843750	0.47	168.12	1.00
216.796875	0.02	168.85	1.00
218.750000	-1.40	160.19	1.00
220.703125	-1.75	157.71	1.00
222.656250	-2.13	157.32	1.00
224.609375	-3.22	156.56	1.00
226.562500	-4.62	157.58	1.00
228.515625	-5.01	158.88	1.00
230.468750	-5.39	158.15	1.00
232.421875	-5.91	161.07	1.00
234.375000	-6.22	163.81	1.00
236.328125	-6.54	162.62	1.00
238.281250	-6.94	161.98	1.00
240.234375	-8.33	164.17	0.99
242.187500	-9.80	177.24	0.99
244.140625	-9.59	-174.35	1.00
246.093750	-9.83	-164.40	1.00
248.046875	-9.88	-158.63	1.00
250.000000	-8.80	-140.13	1.00
251.953125	-7.63	-137.62	1.00
253.906250	-5.63	-135.81	0.98
255.859375	-5.32	-137.03	1.00
257.812500	-3.82	-132.99	1.00
259.765625	-3.07	-136.06	1.00
261.718750	-1.74	-140.71	0.99
263.671875	-1.67	-141.17	1.00
265.625000	-0.67	-148.33	1.00
267.578125	-0.67	-150.15	1.00
269.531250	-0.62	-151.84	1.00
271.484375	-0.54	-152.19	1.00
273.437500	-0.24	-152.08	1.00
275.390625	0.13	-152.27	1.00
277.343750	0.87	-150.33	1.00
281.250000	4.04	-171.05	0.99
285.156250	4.58	-169.06	0.99
289.062500	4.55	165.53	0.98
292.968750	0.01	154.89	0.93
296.875000	-1.17	142.56	0.99
300.781250	-2.51	154.45	1.00
304.687500	-2.36	154.85	1.00
308.593750	-2.47	158.52	1.00
312.500000	-3.72	155.63	1.00
316.406250	-4.62	158.53	1.00
320.312500	-4.87	156.53	1.00
324.218750	-4.46	158.14	0.99
328.125000	-6.67	176.09	1.00
332.031250	-6.52	-177.72	1.00
335.937500	-6.75	-172.28	1.00
339.843750	-6.07	-171.51	0.99
343.750000	-4.15	-166.02	0.99
347.656250	-2.47	-175.54	1.00
351.562500	-2.40	175.83	1.00
355.468750	-3.71	158.40	1.00
359.375000	-6.16	173.82	0.99
363.281250	-6.82	-173.86	1.00
367.187500	-5.52	-175.03	1.00
371.093750	-5.44	-174.94	1.00
375.000000	-5.71	-169.56	1.00
378.906250	-5.94	-168.15	1.00
382.812500	-5.33	-164.41	1.00
386.718750	-4.54	-160.27	1.00
390.625000	-4.25	-160.72	1.00
394.531250	-4.20	-161.23	1.00
398.437500	-3.76	-158.95	1.00
402.343750	-3.86	-155.78	1.00
406.250000	-3.56	-157.59	0.99
410.156250	-1.56	-155.12	0.97
414.062500	0.15	-165.16	1.00
417.968750	-0.01	-168.82	1.00
421.875000	0.19	-172.10	0.99
425.781250	-0.76	-179.38	1.00
429.687500	-1.84	-179.75	0.99
433.593750	-2.12	179.27	1.00
437.500000	-2.11	178.95	1.00
441.406250	-2.24	-178.47	1.00
445.312500	-2.16	-177.99	1.00
449.218750	-2.08	-178.97	1.00
453.125000	-2.10	-178.19	1.00
457.031250	-2.21	-177.26	1.00
460.937500	-2.09	-176.81	1.00
464.843750	-2.08	-178.14	1.00
468.750000	-2.32	179.27	1.00
472.656250	-2.79	179.80	1.00
476.562500	-2.63	-178.39	1.00
480.468750	-1.98	178.71	1.00
484.375000	-1.72	174.90	1.00
488.281250	-2.15	173.61	1.00
492.187500	-2.57	171.49	1.00
496.093750	-3.07	171.88	1.00
500.000000	-3.65	173.75	1.00
503.906250	-3.83	175.22	1.00
507.812500	-3.84	176.64	1.00
511.718750	-3.96	178.15	1.00
515.625000	-4.25	179.51	1.00
519.531250	-5.28	-174.27	1.00
523.437500	-4.59	-173.84	1.00
527.343750	-3.33	-169.07	0.99
531.250000	-2.58	-169.88	1.00
535.156250	-2.30	-176.52	1.00
539.062500	-3.04	173.63	0.97
542.968750	-5.81	168.48	0.99
546.875000	-6.26	170.17	1.00
550.781250	-6.58	179.10	0.98
554.687500	-5.46	-155.76	0.99
560.000000	-4.54	-160.70	0.99
568.000000	-4.09	-160.65	1.00
576.000000	-4.01	-150.72	0.99
584.000000	-1.62	-145.48	0.99
592.000000	-0.12	-150.20	0.98
600.000000	0.83	-173.97	0.99
608.000000	-0.27	174.40	1.00
616.000000	-1.12	170.98	1.00
624.000000	-3.20	170.63	0.99
632.000000	-4.26	177.41	1.00
640.000000	-4.96	-178.24	1.00
648.000000	-5.10	-164.45	0.99
656.000000	-0.88	-174.37	0.99
664.000000	-1.65	-172.80	1.00
672.000000	-1.24	-171.10	0.98
680.000000	-2.11	174.49	0.99
688.000000	-3.77	159.75	0.99
696.000000	-2.62	-178.35	1.00
704.000000	-2.75	178.05	1.00
712.000000	-2.95	177.47	1.00
720.000000	-3.17	178.07	1.00
728.000000	-3.22	179.40	1.00
736.000000	-3.50	-176.69	1.00
744.000000	-4.07	-176.00	1.00
752.000000	-3.58	-171.28	1.00
760.000000	-4.63	-170.30	1.00
768.000000	-2.64	-162.65	0.99
776.000000	-2.26	-161.93	1.00
784.000000	-1.41	-167.66	1.00
792.000000	-1.08	-166.91	1.00
800.000000	-1.15	-167.25	1.00
808.000000	0.61	179.63	1.00
816.000000	1.36	178.08	0.99
824.000000	-0.16	165.36	1.00
832.000000	-1.87	159.95	0.99
840.000000	-3.64	163.79	0.99
848.000000	-4.48	168.34	1.00
856.000000	-4.48	176.24	1.00
864.000000	-4.43	-178.53	1.00
872.000000	-4.26	-176.54	1.00
880.000000	-4.08	-173.58	1.00
888.000000	-3.69	-170.54	1.00
896.000000	-3.31	-168.47	1.00
904.000000	-2.93	-166.53	1.00
912.000000	-1.87	-167.02	1.00
920.000000	-1.61	-162.34	1.00
928.000000	-0.58	-166.57	1.00
936.000000	0.29	-172.01	1.00
944.000000	-0.04	179.72	0.99
952.000000	-0.49	171.71	1.00
960.000000	-1.27	168.22	1.00
968.000000	-1.94	171.39	1.00
976.000000	-2.26	171.72	1.00
984.000000	-2.75	172.29	1.00
992.000000	-3.27	174.73	1.00
1000.000000	-3.49	175.82	1.00
1008.000000	-3.21	-177.65	1.00
1016.000000	-2.88	-177.63	1.00
1024.000000	-2.90	-178.12	1.00
1032.000000	-3.08	-175.51	1.00
1040.000000	-2.88	-173.52	1.00
1048.000000	-2.69	-172.29	1.00
1056.000000	-2.71	-174.13	1.00
1064.000000	-2.56	-171.40	1.00
1072.000000	-1.71	-164.56	0.98
1080.000000	0.80	-168.90	0.97
1088.000000	1.42	-179.93	0.98
1096.000000	-0.34	165.31	0.98
1104.000000	-0.83	163.14	0.99
1112.000000	-1.87	165.86	1.00
1120.000000	-1.99	166.55	1.00
1128.000000	-2.22	165.40	1.00
1136.000000	-2.95	164.53	1.00
1144.000000	-4.17	169.10	0.99
1152.000000	-4.97	173.86	1.00
1160.000000	-5.11	176.01	0.99
1168.000000	-3.79	-174.91	1.00
1176.000000	-3.14	-172.06	1.00
1184.000000	-2.54	-172.23	1.00
1192.000000	-2.28	-173.54	1.00
1200.000000	-1.96	-176.37	1.00
1208.000000	-1.84	-177.59	1.00
1216.000000	-1.82	-178.28	1.00
1224.000000	-1.77	-178.20	1.00
1232.000000	-1.57	-177.74	1.00
1240.000000	-1.55	178.27	1.00
1248.000000	-1.83	171.87	1.00
1256.000000	-2.21	171.31	1.00
1264.000000	-2.53	170.71	1.00
1272.000000	-2.93	174.16	1.00
1280.000000	-2.98	175.53	1.00
1288.000000	-2.80	176.89	1.00
1296.000000	-2.31	177.86	1.00
1304.000000	-1.74	-178.62	1.00
1312.000000	-1.81	178.47	1.00
1320.000000	-2.07	174.65	1.00
1328.000000	-2.27	174.78	1.00
1336.000000	-2.46	172.26	1.00
1344.000000	-2.59	169.81	1.00
1352.000000	-3.20	167.54	1.00
1360.000000	-3.68	171.28	1.00
1368.000000	-3.90	173.93	1.00
1376.000000	-4.32	175.41	1.00
1384.000000	-4.99	177.30	1.00
1392.000000	-5.05	-175.40	1.00
1400.000000	-4.26	-173.06	0.99
1408.000000	-2.74	-168.38	1.00
1416.000000	-1.85	-164.65	1.00
1424.000000	-1.01	-164.03	1.00
1432.000000	0.02	-165.49	1.00
1440.000000	1.36	-172.21	0.99
1448.000000	2.20	178.83	0.98
1456.000000	1.11	162.04	0.97
1464.000000	-1.37	154.19	0.97
1472.000000	-3.60	146.66	0.99
1480.000000	-4.47	148.36	1.00
1488.000000	-5.76	154.69	0.98
1496.000000	-6.99	161.82	0.99
1504.000000	-7.39	172.53	0.99
1512.000000	-6.61	174.69	0.98
1520.000000	-5.82	-171.05	0.97
1528.000000	-4.32	-166.67	1.00
1536.000000	-3.46	-166.80	1.00
1544.000000	-2.83	-168.96	1.00
1552.000000	-2.42	-170.75	1.00
1560.000000	-2.03	-173.02	1.00
1568.000000	-1.78	-176.09	1.00
1576.000000	-1.65	-179.03	1.00
1584.000000	-1.59	178.40	1.00
1592.000000	-1.72	175.78	1.00
1600.000000	-1.93	172.47	1.00
1608.000000	-2.39	169.69	1.00
1616.000000	-3.16	169.05	1.00
1624.000000	-3.73	169.72	1.00
1632.000000	-4.28	171.10	1.00
1640.000000	-4.90	174.21	1.00
1648.000000	-5.37	178.35	1.00
1656.000000	-4.87	-177.85	1.00
1664.000000	-4.22	-176.20	1.00
1672.000000	-3.93	-176.22	1.00
1680.000000	-3.85	-175.85	1.00
1688.000000	-3.76	-174.78	1.00
1696.000000	-3.46	-173.38	1.00
1704.000000	-3.18	-173.16	1.00
1712.000000	-2.90	-176.06	1.00
1720.000000	-3.02	-176.26	1.00
1728.000000	-2.96	-176.39	1.00
1736.000000	-2.77	-176.20	1.00
1744.000000	-2.43	-177.08	1.00
1752.000000	-2.35	-178.83	1.00
1760.000000	-2.28	179.68	1.00
1768.000000	-2.94	-178.89	1.00
1776.000000	-3.24	179.88	1.00
1784.000000	-3.01	-178.40	0.99
1792.000000	-2.64	-176.43	1.00
1800.000000	-2.13	-179.41	1.00
1808.000000	-2.14	177.50	1.00
1816.000000	-2.49	175.00	1.00
1824.000000	-2.80	174.00	1.00
1832.000000	-3.20	173.72	1.00
1840.000000	-3.49	173.53	1.00
1848.000000	-3.87	173.78	1.00
1856.000000	-4.40	175.79	1.00
1866.665649	-4.22	177.54	1.00
1893.332275	-3.14	-178.36	0.99
1919.998901	-3.18	-174.23	0.99
1946.665527	-3.75	-174.24	1.00
1973.332153	-1.59	177.39	0.99
1999.998779	-3.19	170.26	1.00
2026.665405	-2.84	144.59	0.97
2053.332031	-2.17	-142.57	0.91
2079.998779	-0.08	-175.75	0.96
2106.665527	1.19	-174.30	0.92
2133.332275	-6.09	-169.53	0.95
2159.999023	-6.28	175.36	0.95
2186.665771	-3.22	-164.25	0.99
2213.332520	-0.26	-170.84	0.97
2239.999268	-5.62	176.32	0.98
2266.666016	-3.65	-176.03	0.99
2293.332764	-3.11	-174.17	1.00
2319.999512	-3.83	-173.73	1.00
2346.666260	-4.68	177.52	0.98
2373.333008	-3.31	-153.23	0.99
2399.999756	-3.36	-150.34	0.97
2426.666504	-2.73	161.20	0.94
2453.333252	-2.71	166.18	0.99
2480.000000	-7.94	-158.24	0.84
2506.666748	-0.60	-65.82	0.85
2533.333496	-1.05	-150.48	0.98
2560.000244	0.09	-174.65	0.98
2586.666992	-3.15	-176.16	0.99
2613.333740	-3.83	-153.32	0.98
2640.000488	-3.79	-164.82	1.00
2666.667236	-3.99	-161.66	0.99
2693.333984	-3.89	-164.50	0.99
2720.000732	-1.49	-167.04	1.00
2746.667480	-3.54	-179.23	0.98
2773.334229	-3.03	-175.06	0.99
2800.000977	-4.35	-169.32	1.00
2826.667725	-3.38	-161.63	0.99
2853.334473	-3.25	-157.07	1.00
2880.001221	-1.24	-161.05	1.00
2906.667969	-1.27	-172.25	0.99
2933.334717	-4.42	-177.09	1.00
2960.001465	-8.55	-162.33	0.98
2986.668213	-6.27	-153.84	0.96
3013.334961	-2.15	-134.30	0.94
3040.001709	-0.16	-158.28	0.96
3066.668457	-1.11	-161.56	1.00
3093.335205	-1.54	-159.12	1.00
3120.001953	-2.21	-161.67	1.00
3146.668701	-3.01	-152.74	1.00
3173.335449	-1.50	-147.54	0.99
3200.002197	0.11	-148.58	0.99
3226.668945	-0.04	-158.05	1.00
3253.335693	-0.87	-162.45	1.00
3280.002441	-1.05	-156.93	0.99
3306.669189	-1.42	-157.42	1.00
3333.335938	-1.63	-155.65	1.00
3360.002686	-1.75	-151.43	1.00
3386.669434	-0.88	-155.78	0.99
3413.336182	-0.06	-163.72	0.99
3440.002930	0.10	-169.96	1.00
3466.669678	-1.19	-171.03	1.00
3493.336426	-1.81	-161.71	0.99
3520.003174	-0.01	-148.49	0.97
3546.669922	1.40	-153.65	0.99
3573.336670	1.26	-167.71	0.99
3600.003418	0.00	-168.51	0.98
3626.670166	-0.35	-168.75	0.98
3653.336914	-0.58	-159.10	1.00
3680.003662	-1.15	-157.47	1.00
3706.670410	-1.45	-150.63	0.99
3733.337158	-0.04	-148.49	0.88
3760.003906	0.87	-172.55	0.99
3786.670654	0.29	-174.35	1.00
3813.337402	-2.05	-167.23	0.97
3840.004150	-2.58	-146.50	0.93
3866.670898	1.19	-151.23	0.94
3893.337646	2.31	-168.78	0.97
3920.004395	2.04	-160.97	0.97
3946.671143	-0.66	-154.74	0.98
3973.337891	-0.81	-146.11	0.94
4000.004639	0.31	-143.65	0.99
4026.671387	0.88	-146.44	1.00
4053.338135	0.87	-145.42	1.00
4080.004883	1.01	-142.93	0.99
4106.671387	1.25	-152.37	0.99
4133.337891	0.89	-149.01	0.98
4160.004395	1.25	-145.90	0.96
4186.670898	4.79	-160.13	0.95
4213.337402	4.15	-159.03	0.99
4240.003906	3.08	-161.66	1.00
4266.670410	1.48	-159.91	1.00
4293.336914	1.25	-157.82	0.98
4320.003418	1.66	-152.88	0.97
4346.669922	2.47	-158.03	0.98
4373.336426	3.15	-161.77	1.00
4400.002930	3.31	-166.60	0.99
4426.669434	2.35	-168.76	0.98
4453.335938	2.11	-160.84	1.00
4480.002441	2.11	-153.17	0.98
4506.668945	2.41	-153.66	1.00
4533.335449	2.56	-161.67	0.99
4560.001953	1.75	-166.22	1.00
4586.668457	0.34	-158.96	0.94
4613.334961	0.03	-151.48	0.97
4640.001465	2.23	-154.10	0.98
4666.667969	2.02	-157.83	1.00
4693.334473	2.07	-156.82	1.00
4720.000977	2.86	-155.72	0.98
4746.667480	3.20	-160.74	0.99
4773.333984	2.29	-161.15	0.99
4800.000488	2.10	-159.44	0.99
4826.666992	2.31	-153.39	0.97
4853.333496	2.72	-161.59	0.98
4880.000000	3.88	-171.58	0.99
4906.666504	2.85	-165.83	0.99
4933.333008	2.48	-153.28	0.99
4959.999512	3.77	-154.93	1.00
4986.666016	3.97	-157.47	1.00
5013.332520	3.91	-159.17	1.00
5039.999023	4.05	-156.57	1.00
5066.665527	4.14	-156.72	0.99
5093.332031	4.13	-160.53	0.99
5119.998535	4.00	-157.17	1.00
5146.665039	3.73	-156.67	1.00
5173.331543	4.35	-156.85	1.00
5199.998047	5.40	-160.25	1.00
5226.664551	5.76	-160.45	1.00
5253.331055	5.74	-160.19	0.99
5279.997559	4.89	-161.47	1.00
5306.664063	5.07	-162.06	1.00
5333.330566	5.46	-162.13	0.99
5359.997070	5.63	-163.88	1.00
5386.663574	5.46	-165.38	1.00
5413.330078	5.32	-164.94	1.00
5439.996582	5.31	-163.59	1.00
5466.663086	5.66	-162.28	1.00
5493.329590	5.72	-161.88	1.00
5519.996094	5.85	-160.57	1.00
5546.662598	6.59	-158.49	0.99
5573.329102	6.81	-157.81	0.99
5599.995605	6.54	-163.34	0.98
5626.662109	5.94	-166.59	1.00
5653.328613	6.22	-162.73	0.98
5679.995117	7.40	-154.10	0.97
5706.661621	8.15	-154.42	0.97
5733.328125	8.06	-162.68	1.00
5759.994629	7.13	-168.78	0.99
5786.661133	6.61	-168.04	1.00
5813.327637	6.59	-165.64	1.00
5839.994141	7.06	-163.37	1.00
5866.660645	8.09	-161.93	0.97
5893.327148	8.51	-162.99	0.99
5919.993652	8.67	-165.88	1.00
5946.660156	8.72	-167.63	1.00
5973.326660	8.75	-168.27	1.00
5999.993164	8.89	-168.10	1.00
6026.659668	9.72	-168.44	0.99
6053.326172	10.69	-171.99	0.99
6079.992676	10.52	-176.18	0.99
6106.659180	10.05	178.12	0.99
6133.325684	9.62	179.20	0.99
6159.992188	9.75	-172.48	0.94
6186.658691	11.08	-165.68	0.92
6213.325195	12.33	-172.32	0.95
6239.991699	12.82	168.36	0.96
6266.658203	11.57	167.77	0.99
6293.324707	11.65	168.16	0.98
6319.991211	12.25	164.91	0.99
6346.657715	12.65	157.46	0.98
6373.324219	12.37	150.50	1.00
6399.990723	11.90	147.22	1.00
6426.657227	11.54	146.11	1.00
6453.323730	10.90	145.33	0.99
6479.990234	10.55	147.98	0.99
6506.656738	10.52	152.16	0.99
6533.323242	10.52	150.48	0.95
6559.989746	10.26	140.39	0.96
6586.656250	10.43	134.71	0.99
6613.322754	10.28	134.98	1.00
6639.989258	10.33	135.99	1.00
6666.655762	10.96	134.02	0.99
6693.322266	11.05	126.90	1.00
6719.988770	10.52	123.36	0.99
6746.655273	9.67	120.88	1.00
6773.321777	9.00	121.38	1.00
6799.988281	8.59	123.39	1.00
6826.654785	8.47	124.37	1.00
6853.321289	8.66	123.80	1.00
6879.987793	8.58	120.17	0.99
6906.654297	8.23	118.88	1.00
6933.320801	7.98	118.45	1.00
6959.987305	7.74	116.62	1.00
6986.653809	7.49	118.08	1.00
7013.320313	7.36	118.49	1.00
7039.986816	7.30	118.74	1.00
7066.653320	7.22	117.39	1.00
7093.319824	6.76	117.63	0.98
7119.986328	6.27	118.41	0.99
7146.652832	6.20	121.14	0.99
7173.319336	6.50	121.37	0.96
7199.985840	6.33	119.55	0.99
7226.652344	5.90	118.92	1.00
7253.318848	5.90	119.12	0.99
7279.985352	6.16	118.06	1.00
7306.651855	6.25	115.56	0.99
7333.318359	6.12	116.77	1.00
7359.984863	6.29	117.64	1.00
7386.651367	6.31	115.96	1.00
7413.317871	6.09	115.73	1.00
7439.984375	5.74	115.67	1.00
7466.650879	5.33	115.94	0.99
7493.317383	5.30	117.17	0.96
7519.983887	5.72	114.40	1.00
7546.650391	5.70	114.30	1.00
7573.316895	5.77	114.88	1.00
7599.983398	5.90	115.88	1.00
7626.649902	5.70	114.41	0.97
7653.316406	5.40	111.71	1.00
7679.982910	5.53	111.42	1.00
7706.649414	5.64	110.49	1.00
7733.315918	5.69	108.79	1.00
7759.982422	5.72	108.02	1.00
7786.648926	5.66	107.10	1.00
7813.315430	5.64	105.93	1.00
7839.981934	5.57	105.10	1.00
7866.648438	5.48	104.61	1.00
7893.314941	5.46	104.11	1.00
7919.981445	5.52	103.67	1.00
7946.647949	5.63	102.09	1.00
7973.314453	5.34	98.72	0.99
7999.980957	5.06	97.92	1.00
8026.647461	4.81	96.97	1.00
8053.313965	4.66	95.76	1.00
8079.980469	4.58	94.46	1.00
8106.646973	4.45	92.87	1.00
8133.313477	4.11	91.80	1.00
8159.979980	3.63	91.33	1.00
8186.646484	3.23	90.79	1.00
8213.313477	2.85	89.83	1.00
8239.980469	2.19	89.50	1.00
8266.647461	2.19	89.45	1.00
8293.314453	2.33	89.62	1.00
8319.981445	2.35	88.85	1.00
8346.648438	2.22	88.86	1.00
8373.315430	2.08	89.52	1.00
8399.982422	1.98	91.40	0.99
8426.649414	1.85	91.06	1.00
8453.316406	1.44	90.43	1.00
8479.983398	1.09	90.17	1.00
8506.650391	0.87	89.61	1.00
8533.317383	0.72	89.62	1.00
8559.984375	0.46	90.31	1.00
8586.651367	0.28	91.11	1.00
8613.318359	0.29	91.22	1.00
8639.985352	0.12	90.07	1.00
8666.652344	-0.20	88.04	1.00
8693.319336	-0.50	88.84	1.00
8719.986328	-0.72	91.30	1.00
8746.653320	-0.72	91.84	0.99
8773.320313	-0.92	90.86	0.99
8799.987305	-0.87	90.36	1.00
8826.654297	-0.87	90.19	1.00
8853.321289	-0.99	89.86	0.99
8879.988281	-1.24	90.19	0.99
8906.655273	-1.39	90.21	1.00
8933.322266	-1.50	89.58	1.00
8959.989258	-1.76	88.38	1.00
8986.656250	-2.00	89.18	1.00
9013.323242	-2.20	90.48	1.00
9039.990234	-2.36	92.41	1.00
9066.657227	-2.44	93.67	1.00
9093.324219	-2.59	92.83	0.99
9119.991211	-2.93	91.44	1.00
9146.658203	-3.38	92.79	1.00
9173.325195	-3.30	95.00	1.00
9199.992188	-3.19	95.97	1.00
9226.659180	-3.12	96.19	1.00
9253.326172	-3.13	96.09	1.00
9279.993164	-3.29	96.19	1.00
9306.660156	-3.59	96.69	1.00
9333.327148	-3.85	98.21	1.00
9359.994141	-4.19	100.08	1.00
9386.661133	-4.31	101.98	1.00
9413.328125	-4.15	103.71	1.00
9439.995117	-4.23	104.27	1.00
9466.662109	-4.44	104.85	1.00
9493.329102	-4.50	105.85	1.00
9519.996094	-4.23	106.79	0.99
9546.663086	-4.00	106.73	1.00
9573.330078	-3.67	104.23	1.00
9600.000977	-4.13	106.87	0.99
9733.333984	-4.06	111.09	1.00
9866.666992	-3.99	123.41	0.99
10000.000000	-5.59	114.88	0.95
10133.333008	-5.21	121.51	0.92
10266.666016	-5.01	121.70	1.00
10399.999023	-5.98	118.74	1.00
10533.332031	-6.78	116.32	1.00
10666.665039	-7.07	130.61	1.00
10799.998047	-7.69	133.21	1.00
10933.331055	-6.06	149.73	0.98
11066.664063	-4.83	149.08	0.98
11199.997070	-3.15	161.60	0.99
11333.330078	-3.82	168.24	0.99
11466.663086	-1.06	152.78	0.99
11599.996094	-1.16	153.75	0.98
11733.329102	0.06	158.93	0.99
11866.662109	-0.16	148.13	1.00
11999.995117	0.34	147.11	1.00
12133.328125	0.98	140.45	1.00
12266.661133	0.37	129.46	1.00
12399.994141	-0.11	121.36	1.00
12533.327148	-0.95	116.62	1.00
12666.660156	-1.62	118.88	1.00
12799.993164	-2.35	120.86	1.00
12933.326172	-2.73	125.54	1.00
13066.659180	-1.65	125.37	1.00
13199.992188	-1.10	123.65	1.00
13333.325195	-1.43	119.86	1.00
13466.658203	-1.46	118.83	1.00
13599.991211	-3.18	112.28	1.00
13733.324219	-3.38	121.44	0.99
13866.657227	-2.97	125.60	1.00
13999.990234	-2.61	128.46	0.99
14133.323242	-3.02	130.61	1.00
14266.656250	-1.88	132.32	1.00
14399.989258	-1.26	127.40	1.00
14533.322266	-0.86	124.71	1.00
14666.655273	-0.62	121.11	1.00
14799.988281	-0.96	116.16	1.00
14933.321289	-0.77	117.53	1.00
15066.654297	-1.09	116.97	1.00
15199.987305	-1.27	115.32	1.00
15333.320313	-1.49	115.39	1.00
15466.653320	-0.98	110.73	1.00
15599.986328	-1.44	108.36	1.00
15733.319336	-2.11	111.51	1.00
15866.652344	-2.18	107.40	1.00
15999.985352	-2.36	105.43	1.00
16133.318359	-2.40	105.60	1.00
16266.651367	-2.53	106.05	1.00
16399.984375	-2.87	103.82	0.99
16533.318359	-1.81	108.20	1.00
16666.652344	-1.64	108.28	1.00
16799.986328	-1.48	103.32	1.00
16933.320313	-1.08	100.74	1.00
17066.654297	-0.77	99.30	1.00
17199.988281	-1.46	92.05	1.00
17333.322266	-1.75	91.87	1.00
17466.656250	-1.84	88.43	0.99
17599.990234	-2.11	87.45	1.00
17733.324219	-2.53	84.92	0.99
17866.658203	-2.59	83.26	1.00
17999.992188	-2.79	84.70	1.00
18133.326172	-3.41	82.46	1.00
18266.660156	-4.54	80.02	0.98
18399.994141	-4.13	87.26	0.97
18533.328125	-4.46	83.90	0.99
18666.662109	-4.69	81.63	0.99
18799.996094	-4.13	83.89	1.00
18933.330078	-3.97	82.97	0.99
19066.664063	-4.47	77.14	1.00
19199.998047	-4.49	75.18	1.00
19333.332031	-4.90	75.37	1.00
19466.666016	-5.21	75.38	1.00
19600.000000	-5.29	74.99	1.00
19733.333984	-5.44	74.42	0.99
19866.667969	-5.34	75.52	0.99
20000.001953	-5.38	73.63	1.00
