	RODE 165g		
Frequency (Hz)	Magnitude (dB)	Phase (degrees)	Coherence
10.742188	-26.62	59.37	0.99
11.718750	-25.67	106.76	0.99
12.695313	-24.83	151.74	0.97
13.671875	-14.45	18.46	0.95
14.648438	-15.30	46.20	1.00
15.625000	-29.22	177.16	0.80
16.601563	-16.76	75.61	0.63
17.578125	-22.88	44.13	0.90
18.554688	-10.71	145.92	0.64
19.531250	-13.96	54.81	0.97
20.507813	-16.77	43.58	0.98
21.484375	-14.82	10.25	1.00
22.460938	-16.33	5.71	1.00
23.437500	-15.44	-2.89	0.99
24.414063	-13.81	-51.13	0.91
25.390625	-14.32	41.85	0.97
26.367188	-10.18	41.95	0.93
27.343750	-9.40	-30.55	0.99
28.320313	-5.46	3.12	0.98
29.296875	-5.24	55.85	0.70
30.273438	-7.12	126.47	1.00
31.250000	-7.92	6.88	0.90
32.226563	-4.04	-47.39	0.98
33.203125	-16.03	-172.18	0.63
34.179688	-6.89	160.40	0.91
35.156250	-9.55	-163.65	0.97
36.132813	-14.22	-46.14	0.91
37.109375	-3.71	-56.72	0.98
38.085938	-0.40	-96.64	0.99
39.062500	3.38	-103.63	1.00
40.039063	1.86	-122.10	1.00
41.015625	2.66	-110.84	1.00
41.992188	3.17	-115.84	1.00
42.968750	3.44	-136.27	1.00
43.945313	2.79	-143.10	1.00
44.921875	2.52	-135.44	1.00
45.898438	2.18	-143.24	1.00
46.875000	2.13	-149.88	1.00
47.851563	1.28	-142.11	1.00
48.828125	3.04	-137.23	1.00
49.804688	2.97	-139.32	1.00
50.781250	3.41	-137.56	1.00
51.757813	2.83	-145.06	1.00
52.734375	2.88	-150.96	1.00
53.710938	2.94	-148.69	1.00
54.687500	3.09	-154.13	1.00
55.664063	3.07	-152.96	1.00
56.640625	2.59	-154.46	1.00
57.617188	2.58	-156.61	1.00
58.593750	2.72	-160.38	1.00
59.570313	2.68	-160.30	1.00
60.546875	2.49	-162.34	1.00
61.523438	3.10	-168.50	1.00
62.500000	2.96	-168.90	1.00
63.476563	2.86	-170.15	1.00
64.453125	2.67	-171.50	1.00
65.429688	2.22	-173.41	1.00
66.406250	2.05	-173.31	1.00
67.382813	1.84	-174.00	1.00
68.359375	1.41	-173.49	1.00
69.335938	1.36	-171.77	1.00
70.312500	0.71	-171.31	1.00
71.289063	0.77	-171.19	1.00
72.265625	0.83	-170.96	1.00
73.242188	1.47	-171.06	1.00
74.218750	1.87	-166.79	1.00
75.195313	1.98	-168.45	1.00
76.171875	2.50	-171.98	1.00
77.148438	3.45	-172.70	1.00
78.125000	3.65	-179.46	1.00
79.101563	3.27	178.27	1.00
80.078125	3.59	175.88	1.00
81.054688	2.54	171.13	1.00
82.031250	2.28	168.28	1.00
83.007813	2.39	167.85	1.00
83.984375	1.90	166.32	1.00
84.960938	1.60	164.93	1.00
85.937500	1.59	164.32	1.00
86.914063	0.84	163.06	1.00
87.890625	0.96	163.92	1.00
88.867188	0.88	164.23	1.00
89.843750	0.82	166.41	1.00
90.820313	0.45	162.60	1.00
91.796875	0.29	163.57	1.00
92.773438	0.56	166.02	1.00
93.750000	0.41	162.14	1.00
94.726563	0.42	160.63	1.00
95.703125	0.29	159.19	1.00
96.679688	-0.04	158.42	1.00
97.656250	-0.44	157.52	1.00
98.632813	-0.44	153.31	1.00
99.609375	-0.83	151.97	1.00
100.585938	-1.18	152.97	1.00
101.562500	-1.38	153.77	1.00
102.539063	-1.68	158.74	1.00
103.515625	-2.48	155.12	1.00
104.492188	-2.66	155.28	1.00
105.468750	-2.79	158.28	1.00
106.445313	-2.63	157.44	1.00
107.421875	-2.78	158.58	1.00
108.398438	-2.78	160.21	1.00
109.375000	-3.03	158.70	1.00
110.351563	-3.08	158.44	1.00
111.328125	-3.22	158.10	1.00
112.304688	-3.37	157.79	1.00
113.281250	-3.61	158.95	1.00
114.257813	-3.82	158.10	1.00
115.234375	-3.88	157.37	1.00
116.210938	-4.20	159.77	1.00
117.187500	-4.50	161.13	1.00
118.164063	-4.68	161.65	1.00
119.140625	-4.97	163.28	1.00
120.117188	-4.92	165.37	1.00
121.093750	-4.85	166.43	1.00
122.070313	-4.82	167.90	1.00
123.046875	-4.94	168.96	1.00
124.023438	-4.97	169.18	1.00
125.000000	-4.96	169.55	1.00
125.976563	-5.14	170.08	1.00
126.953125	-5.24	170.05	1.00
127.929688	-5.40	170.40	1.00
128.906250	-5.43	173.89	1.00
129.882813	-5.49	175.05	1.00
130.859375	-5.47	175.91	1.00
131.835938	-5.31	177.01	1.00
132.812500	-5.31	178.78	1.00
133.789063	-5.31	-179.70	1.00
134.765625	-5.18	-178.66	1.00
135.742188	-5.07	-178.50	1.00
136.718750	-5.01	-177.78	1.00
137.695313	-4.91	-176.99	1.00
138.671875	-4.62	179.37	1.00
140.625000	-4.54	-177.12	1.00
142.578125	-4.78	-177.61	1.00
144.531250	-4.90	-176.21	1.00
146.484375	-5.08	-177.24	1.00
148.437500	-5.51	-175.63	1.00
150.390625	-4.83	-170.05	1.00
152.343750	-4.75	-168.99	1.00
154.296875	-3.88	-166.86	1.00
156.250000	-3.91	-166.46	1.00
158.203125	-3.85	-167.27	1.00
160.156250	-3.23	-164.78	1.00
162.109375	-2.81	-165.81	1.00
164.062500	-2.64	-167.61	1.00
166.015625	-2.27	-170.30	1.00
167.968750	-1.57	-169.88	1.00
169.921875	-1.37	-177.73	1.00
171.875000	-2.03	170.92	0.99
173.828125	-2.01	172.01	1.00
175.781250	-2.05	173.95	1.00
177.734375	-3.26	169.82	1.00
179.687500	-4.46	169.29	1.00
181.640625	-4.74	165.82	1.00
183.593750	-6.56	174.82	1.00
185.546875	-6.56	-172.99	1.00
187.500000	-6.40	-172.38	1.00
189.453125	-5.93	-164.38	1.00
191.406250	-5.67	-159.97	1.00
193.359375	-3.99	-151.57	1.00
195.312500	-3.82	-150.54	1.00
197.265625	-3.05	-151.54	1.00
199.218750	-2.26	-153.52	1.00
201.171875	-1.34	-155.47	1.00
203.125000	0.01	-160.53	0.99
205.078125	-0.45	-162.10	1.00
207.031250	0.32	-166.47	1.00
208.984375	0.55	-171.04	1.00
210.937500	0.75	-177.02	1.00
212.890625	0.75	-179.48	1.00
214.843750	0.47	178.08	1.00
216.796875	0.08	166.19	1.00
218.750000	-0.37	160.93	1.00
220.703125	-1.97	157.00	0.99
222.656250	-2.38	154.40	1.00
224.609375	-3.09	157.56	1.00
226.562500	-4.36	162.78	1.00
228.515625	-4.37	163.84	1.00
230.468750	-4.87	166.84	1.00
232.421875	-5.02	168.06	1.00
234.375000	-5.05	167.87	1.00
236.328125	-5.64	167.59	1.00
238.281250	-5.88	168.28	1.00
240.234375	-7.20	172.24	1.00
242.187500	-7.19	177.26	0.98
244.140625	-8.59	-173.70	1.00
246.093750	-9.13	-171.20	0.98
248.046875	-8.50	-156.20	1.00
250.000000	-8.33	-151.68	1.00
251.953125	-6.90	-142.15	0.99
253.906250	-6.19	-140.64	1.00
255.859375	-4.48	-136.41	1.00
257.812500	-3.94	-134.67	1.00
259.765625	-3.28	-133.01	1.00
261.718750	-1.59	-136.19	1.00
263.671875	-1.00	-137.37	1.00
265.625000	-0.02	-145.11	1.00
267.578125	0.09	-147.45	1.00
269.531250	0.40	-149.76	1.00
271.484375	0.52	-152.52	1.00
273.437500	0.73	-153.17	1.00
275.390625	1.43	-153.59	1.00
277.343750	1.50	-154.97	1.00
281.250000	3.06	-162.39	0.99
285.156250	4.61	-170.39	1.00
289.062500	3.80	170.61	0.95
292.968750	0.44	137.04	0.95
296.875000	-1.64	142.86	0.98
300.781250	-2.29	151.83	0.99
304.687500	-2.43	156.01	1.00
308.593750	-2.47	154.90	1.00
312.500000	-2.67	150.47	1.00
316.406250	-4.26	150.97	1.00
320.312500	-4.52	150.14	1.00
324.218750	-6.46	160.11	1.00
328.125000	-6.19	-175.65	0.99
332.031250	-7.05	174.87	1.00
335.937500	-6.98	-173.90	1.00
339.843750	-4.20	-168.83	1.00
343.750000	-4.45	-164.98	1.00
347.656250	-4.40	-164.76	1.00
351.562500	-3.05	-176.52	1.00
355.468750	-3.47	-175.19	1.00
359.375000	-5.45	178.04	1.00
363.281250	-5.24	-170.32	1.00
367.187500	-5.35	-174.25	1.00
371.093750	-4.23	-167.21	1.00
375.000000	-4.52	-167.23	1.00
378.906250	-4.36	-161.18	1.00
382.812500	-4.20	-159.73	1.00
386.718750	-3.38	-158.11	1.00
390.625000	-2.92	-162.04	1.00
394.531250	-2.39	-163.27	1.00
398.437500	-2.37	-163.02	1.00
402.343750	-2.28	-159.83	1.00
406.250000	-1.87	-156.77	1.00
410.156250	-1.35	-153.72	0.99
414.062500	-0.02	179.26	0.98
417.968750	-0.57	-161.97	0.98
421.875000	-1.18	-162.30	1.00
425.781250	-0.81	-178.20	0.99
429.687500	-1.33	179.16	1.00
433.593750	-1.96	-179.54	1.00
437.500000	-2.05	-179.10	1.00
441.406250	-1.78	-179.26	1.00
445.312500	-1.87	-179.37	1.00
449.218750	-2.05	-179.59	1.00
453.125000	-2.22	-178.56	1.00
457.031250	-2.33	-178.88	1.00
460.937500	-2.30	-179.36	1.00
464.843750	-2.37	-178.82	1.00
468.750000	-2.65	-177.86	1.00
472.656250	-2.78	-177.26	1.00
476.562500	-2.38	-173.29	1.00
480.468750	-1.43	-177.38	1.00
484.375000	-1.42	176.47	1.00
488.281250	-1.80	175.53	1.00
492.187500	-2.15	175.36	1.00
496.093750	-2.26	176.06	1.00
500.000000	-2.39	174.53	1.00
503.906250	-3.03	176.24	1.00
507.812500	-3.16	177.87	1.00
511.718750	-3.08	178.74	1.00
515.625000	-3.12	177.74	1.00
519.531250	-3.28	178.37	1.00
523.437500	-3.60	-175.46	1.00
527.343750	-3.38	-174.61	1.00
531.250000	-2.47	-174.90	1.00
535.156250	-2.57	-178.68	1.00
539.062500	-4.33	173.94	0.98
542.968750	-5.27	167.49	0.99
546.875000	-5.71	168.87	1.00
550.781250	-5.70	177.28	0.98
554.687500	-4.70	-160.82	1.00
560.000000	-5.08	-160.61	1.00
568.000000	-3.37	-162.78	1.00
576.000000	-1.78	-151.36	1.00
584.000000	-2.53	-139.75	0.99
592.000000	1.29	-155.92	0.97
600.000000	0.91	-165.88	0.99
608.000000	0.04	178.53	1.00
616.000000	-0.36	172.24	1.00
624.000000	-1.90	167.66	1.00
632.000000	-3.96	158.30	0.99
640.000000	-4.38	179.98	0.99
648.000000	-2.36	-166.80	0.99
656.000000	-2.88	-168.43	0.99
664.000000	-0.58	179.84	1.00
672.000000	-0.92	-165.46	0.98
680.000000	0.21	178.27	0.97
688.000000	-2.59	-179.50	1.00
696.000000	-1.87	-176.97	1.00
704.000000	-2.03	-178.84	1.00
712.000000	-2.32	-178.84	1.00
720.000000	-2.23	-178.53	1.00
728.000000	-3.26	178.81	1.00
736.000000	-3.09	-179.99	1.00
744.000000	-3.42	-178.99	1.00
752.000000	-5.16	176.65	1.00
760.000000	-4.20	-170.79	1.00
768.000000	-2.49	-163.95	0.99
776.000000	-1.54	-168.10	1.00
784.000000	-0.30	-164.99	1.00
792.000000	-0.91	-164.66	1.00
800.000000	0.11	-173.18	1.00
808.000000	0.66	178.99	1.00
816.000000	1.75	170.08	1.00
824.000000	0.04	169.47	0.99
832.000000	-0.63	172.44	0.99
840.000000	-2.94	169.88	1.00
848.000000	-3.28	171.29	1.00
856.000000	-3.74	176.10	1.00
864.000000	-3.64	179.77	1.00
872.000000	-3.19	-177.82	1.00
880.000000	-2.55	-174.33	1.00
888.000000	-2.82	-170.94	1.00
896.000000	-2.88	-170.65	1.00
904.000000	-1.86	-167.75	1.00
912.000000	-1.65	-165.52	1.00
920.000000	-1.31	-165.34	1.00
928.000000	-0.10	-165.50	0.99
936.000000	0.62	-170.14	1.00
944.000000	0.71	-174.96	1.00
952.000000	0.29	175.11	1.00
960.000000	-1.10	174.21	1.00
968.000000	-1.45	173.79	1.00
976.000000	-1.40	173.95	1.00
984.000000	-2.09	174.42	1.00
992.000000	-2.70	174.70	1.00
1000.000000	-2.83	175.53	1.00
1008.000000	-2.46	-179.54	1.00
1016.000000	-2.42	-178.17	1.00
1024.000000	-2.28	-177.58	1.00
1032.000000	-2.12	-177.16	1.00
1040.000000	-2.45	-175.47	1.00
1048.000000	-2.47	-173.53	1.00
1056.000000	-2.50	-171.55	1.00
1064.000000	-2.04	-167.45	1.00
1072.000000	-0.62	-162.52	1.00
1080.000000	0.29	-158.42	0.99
1088.000000	-0.30	-162.15	0.94
1096.000000	0.18	168.28	0.98
1104.000000	-0.26	163.71	1.00
1112.000000	-1.24	166.84	1.00
1120.000000	-1.70	167.20	1.00
1128.000000	-2.08	166.57	1.00
1136.000000	-2.55	166.04	1.00
1144.000000	-3.53	169.99	1.00
1152.000000	-4.16	176.44	1.00
1160.000000	-3.55	-176.54	1.00
1168.000000	-3.23	-173.44	1.00
1176.000000	-2.42	-173.53	1.00
1184.000000	-2.27	-172.78	1.00
1192.000000	-1.90	-174.67	1.00
1200.000000	-1.45	-175.74	1.00
1208.000000	-1.45	-177.05	1.00
1216.000000	-1.50	-178.65	1.00
1224.000000	-1.33	-176.99	1.00
1232.000000	-1.12	-178.77	1.00
1240.000000	-1.16	178.95	1.00
1248.000000	-1.23	176.37	1.00
1256.000000	-1.68	175.24	1.00
1264.000000	-1.88	174.08	1.00
1272.000000	-2.14	174.11	1.00
1280.000000	-2.37	176.39	1.00
1288.000000	-2.53	178.74	1.00
1296.000000	-2.35	-178.79	1.00
1304.000000	-1.98	-178.33	1.00
1312.000000	-1.46	177.37	1.00
1320.000000	-1.64	174.91	1.00
1328.000000	-1.74	173.94	1.00
1336.000000	-1.94	172.45	1.00
1344.000000	-2.09	171.44	1.00
1352.000000	-2.48	172.26	1.00
1360.000000	-3.22	175.52	1.00
1368.000000	-3.64	177.49	1.00
1376.000000	-4.06	179.71	1.00
1384.000000	-4.91	-176.10	1.00
1392.000000	-4.57	-169.94	1.00
1400.000000	-3.82	-160.60	0.99
1408.000000	-2.24	-157.36	1.00
1416.000000	-1.35	-161.24	1.00
1424.000000	-0.59	-162.70	1.00
1432.000000	0.68	-164.62	0.99
1440.000000	1.66	-172.25	0.99
1448.000000	1.73	-177.84	0.98
1456.000000	1.53	170.41	0.97
1464.000000	-0.10	155.21	0.98
1472.000000	-1.70	150.27	0.99
1480.000000	-3.53	152.87	0.99
1488.000000	-4.80	160.57	1.00
1496.000000	-5.47	171.48	0.99
1504.000000	-6.07	179.26	0.99
1512.000000	-6.11	-169.95	0.98
1520.000000	-4.77	-162.26	0.99
1528.000000	-3.43	-158.83	0.99
1536.000000	-2.73	-164.03	1.00
1544.000000	-2.35	-166.82	1.00
1552.000000	-1.87	-169.80	1.00
1560.000000	-1.48	-172.03	1.00
1568.000000	-1.23	-174.27	1.00
1576.000000	-1.19	-176.56	1.00
1584.000000	-1.17	179.95	1.00
1592.000000	-1.18	177.10	1.00
1600.000000	-1.36	172.66	1.00
1608.000000	-1.90	170.48	1.00
1616.000000	-2.49	170.71	1.00
1624.000000	-2.96	171.78	1.00
1632.000000	-3.35	172.44	1.00
1640.000000	-4.20	172.35	1.00
1648.000000	-4.48	175.51	1.00
1656.000000	-4.47	-179.64	1.00
1664.000000	-3.85	-176.24	1.00
1672.000000	-3.56	-174.80	1.00
1680.000000	-3.39	-173.88	1.00
1688.000000	-3.20	-172.66	1.00
1696.000000	-2.90	-171.06	1.00
1704.000000	-2.66	-171.65	1.00
1712.000000	-2.53	-174.25	1.00
1720.000000	-2.50	-174.53	1.00
1728.000000	-2.41	-174.05	1.00
1736.000000	-2.21	-173.18	1.00
1744.000000	-1.85	-173.70	1.00
1752.000000	-1.83	-175.69	1.00
1760.000000	-2.21	-179.19	1.00
1768.000000	-2.36	179.55	1.00
1776.000000	-2.77	-178.69	0.99
1784.000000	-2.67	-176.64	1.00
1792.000000	-2.03	-176.84	0.99
1800.000000	-1.72	179.82	1.00
1808.000000	-1.61	177.25	1.00
1816.000000	-1.92	175.80	1.00
1824.000000	-2.27	175.11	1.00
1832.000000	-2.65	174.59	1.00
1840.000000	-3.01	174.85	1.00
1848.000000	-3.44	176.01	1.00
1856.000000	-3.94	177.58	1.00
1866.665649	-3.56	-178.20	0.99
1893.332275	-3.48	-178.32	0.97
1919.998901	-2.80	178.88	1.00
1946.665527	-3.10	168.52	0.98
1973.332153	-0.70	-177.13	0.99
1999.998779	-3.24	179.35	0.98
2026.665405	-3.16	-169.84	0.93
2053.332031	-4.92	-152.48	0.95
2079.998779	0.31	-170.31	0.96
2106.665527	1.70	156.48	0.95
2133.332275	-4.10	165.42	0.96
2159.999023	-3.83	-177.10	0.88
2186.665771	-2.26	-158.29	0.97
2213.332520	-1.03	-175.32	0.98
2239.999268	-1.74	175.74	1.00
2266.666016	-1.74	-179.62	0.95
2293.332764	-3.72	-166.45	0.99
2319.999512	-3.11	-173.14	1.00
2346.666260	-3.07	-169.15	1.00
2373.333008	-2.55	-167.19	0.98
2399.999756	-0.37	-171.25	0.99
2426.666504	-0.52	-175.50	1.00
2453.333252	-4.12	-177.03	0.99
2480.000000	-6.28	178.97	0.98
2506.666748	-6.02	-163.19	0.95
2533.333496	-1.21	-145.74	0.93
2560.000244	-0.55	-173.49	0.99
2586.666992	-2.68	-172.86	1.00
2613.333740	-3.40	-169.13	1.00
2640.000488	-3.06	-166.83	1.00
2666.667236	-3.36	-150.13	0.97
2693.333984	-1.65	-135.34	0.99
2720.000732	-1.70	-161.53	0.99
2746.667480	-0.28	-171.51	0.99
2773.334229	-2.22	-177.88	0.98
2800.000977	-3.27	-173.21	0.99
2826.667725	-2.90	-150.83	0.99
2853.334473	-1.05	-142.71	0.98
2880.001221	0.22	-158.26	1.00
2906.667969	-1.02	-170.44	0.99
2933.334717	-2.86	-177.26	0.98
2960.001465	-5.51	-164.23	0.99
2986.668213	-4.43	-150.67	1.00
3013.334961	-1.43	-155.33	0.99
3040.001709	0.50	-162.59	0.99
3066.668457	-0.45	-160.05	1.00
3093.335205	-0.21	-157.96	1.00
3120.001953	-1.08	-159.67	0.99
3146.668701	-1.58	-153.71	1.00
3173.335449	-0.53	-143.43	0.98
3200.002197	2.89	-153.01	0.99
3226.668945	0.77	-161.13	1.00
3253.335693	-0.13	-161.63	1.00
3280.002441	-0.68	-159.94	1.00
3306.669189	-0.96	-157.26	1.00
3333.335938	-0.41	-150.82	0.99
3360.002686	0.16	-147.22	1.00
3386.669434	1.00	-147.64	1.00
3413.336182	1.57	-157.00	1.00
3440.002930	1.25	-166.35	0.99
3466.669678	-0.17	-176.66	0.87
3493.336426	-2.58	-162.23	0.85
3520.003174	-0.48	-169.06	0.94
3546.669922	2.31	-153.00	1.00
3573.336670	1.38	-160.95	0.95
3600.003418	0.14	-167.44	0.98
3626.670166	-0.17	-158.75	1.00
3653.336914	-0.07	-157.49	1.00
3680.003662	-0.11	-156.29	0.98
3706.670410	0.46	-138.80	0.94
3733.337158	2.60	-140.67	0.92
3760.003906	2.18	-170.42	0.97
3786.670654	-0.54	-167.07	0.96
3813.337402	-3.74	-165.45	0.97
3840.004150	-2.55	-161.46	0.74
3866.670898	1.93	-144.18	0.83
3893.337646	1.74	-155.85	0.98
3920.004395	0.74	-163.65	0.99
3946.671143	-0.75	-156.63	1.00
3973.337891	-0.43	-143.56	1.00
4000.004639	0.05	-139.66	0.98
4026.671387	1.12	-145.61	0.99
4053.338135	1.33	-149.33	1.00
4080.004883	2.27	-150.94	0.98
4106.671387	2.46	-158.22	0.99
4133.337891	2.34	-158.20	0.98
4160.004395	2.65	-146.56	0.95
4186.670898	5.49	-150.75	0.98
4213.337402	5.79	-163.34	0.98
4240.003906	4.68	-168.20	0.99
4266.670410	2.38	-170.29	0.98
4293.336914	2.62	-161.17	0.95
4320.003418	3.08	-155.96	0.94
4346.669922	3.51	-170.02	0.98
4373.336426	3.64	-171.29	1.00
4400.002930	4.12	-172.57	1.00
4426.669434	3.23	-175.91	0.99
4453.335938	1.65	-172.04	0.99
4480.002441	1.19	-160.80	1.00
4506.668945	1.52	-167.58	0.93
4533.335449	2.94	-175.26	0.99
4560.001953	2.66	-175.45	1.00
4586.668457	1.65	-169.89	0.99
4613.334961	1.88	-164.53	0.97
4640.001465	2.49	-165.51	0.99
4666.667969	2.76	-166.00	1.00
4693.334473	3.39	-164.17	0.99
4720.000977	3.79	-166.06	0.99
4746.667480	3.51	-171.98	1.00
4773.333984	2.58	-172.46	0.99
4800.000488	2.40	-161.22	0.99
4826.666992	3.10	-156.02	0.99
4853.333496	3.18	-159.15	0.99
4880.000000	3.30	-162.12	0.99
4906.666504	2.59	-164.47	1.00
4933.333008	2.86	-163.10	0.99
4959.999512	3.64	-166.70	1.00
4986.666016	3.86	-168.29	1.00
5013.332520	3.84	-169.66	1.00
5039.999023	4.22	-171.54	0.99
5066.665527	4.14	-175.81	0.97
5093.332031	3.57	-172.97	0.98
5119.998535	1.82	-167.14	0.99
5146.665039	2.24	-161.45	1.00
5173.331543	4.23	-158.36	0.99
5199.998047	5.46	-159.04	0.98
5226.664551	5.02	-167.04	0.99
5253.331055	4.73	-170.55	1.00
5279.997559	4.28	-167.93	1.00
5306.664063	4.47	-167.18	1.00
5333.330566	4.77	-169.21	1.00
5359.997070	5.16	-171.24	1.00
5386.663574	5.05	-172.47	1.00
5413.330078	4.79	-172.07	1.00
5439.996582	4.70	-171.24	1.00
5466.663086	4.58	-172.43	0.99
5493.329590	4.19	-173.26	0.99
5519.996094	4.57	-170.56	1.00
5546.662598	5.10	-172.05	0.99
5573.329102	6.37	-177.32	0.98
5599.995605	6.25	-177.95	0.99
5626.662109	5.87	-176.16	0.96
5653.328613	5.43	-168.79	0.99
5679.995117	5.51	-167.92	0.98
5706.661621	6.43	-172.16	0.98
5733.328125	6.30	-173.94	1.00
5759.994629	5.81	-175.19	1.00
5786.661133	5.39	-172.71	1.00
5813.327637	5.34	-169.88	1.00
5839.994141	5.66	-168.49	1.00
5866.660645	6.64	-166.57	0.97
5893.327148	7.67	-168.78	1.00
5919.993652	7.81	-173.21	1.00
5946.660156	7.72	-174.13	1.00
5973.326660	7.76	-173.78	1.00
5999.993164	8.13	-171.92	1.00
6026.659668	8.46	-172.61	0.99
6053.326172	8.77	-177.42	0.99
6079.992676	8.65	174.36	0.98
6106.659180	8.05	172.23	1.00
6133.325684	7.25	175.25	0.99
6159.992188	6.97	179.92	0.99
6186.658691	7.79	179.96	0.96
6213.325195	9.38	174.34	0.97
6239.991699	9.03	167.11	0.97
6266.658203	8.68	164.61	0.99
6293.324707	8.93	165.90	1.00
6319.991211	9.78	166.81	1.00
6346.657715	9.92	163.55	1.00
6373.324219	9.61	158.45	0.99
6399.990723	9.11	154.93	1.00
6426.657227	8.84	153.44	1.00
6453.323730	8.45	152.25	0.98
6479.990234	8.01	150.42	1.00
6506.656738	8.29	153.61	0.94
6533.323242	8.85	152.33	0.98
6559.989746	9.05	145.74	1.00
6586.656250	8.62	143.24	1.00
6613.322754	7.93	142.62	1.00
6639.989258	7.63	145.18	1.00
6666.655762	8.11	146.39	0.99
6693.322266	8.36	143.81	1.00
6719.988770	8.30	140.63	1.00
6746.655273	7.70	140.49	0.99
6773.321777	7.07	138.20	1.00
6799.988281	6.91	137.67	1.00
6826.654785	6.85	140.15	0.99
6853.321289	6.72	138.89	1.00
6879.987793	6.51	137.09	1.00
6906.654297	6.33	135.79	1.00
6933.320801	6.07	135.06	1.00
6959.987305	5.84	133.60	1.00
6986.653809	5.69	134.10	1.00
7013.320313	5.66	134.65	1.00
7039.986816	5.64	133.87	1.00
7066.653320	5.46	132.24	1.00
7093.319824	4.79	129.66	0.99
7119.986328	4.36	129.88	1.00
7146.652832	4.59	132.18	0.95
7173.319336	5.07	136.92	0.98
7199.985840	5.23	137.83	1.00
7226.652344	5.03	137.77	1.00
7253.318848	5.08	139.08	0.99
7279.985352	5.38	140.44	0.99
7306.651855	5.19	138.47	0.98
7333.318359	4.97	137.75	0.99
7359.984863	5.09	138.79	0.99
7386.651367	5.32	137.93	1.00
7413.317871	5.24	137.16	1.00
7439.984375	4.54	134.25	0.97
7466.650879	4.58	133.91	0.99
7493.317383	5.03	135.42	0.99
7519.983887	5.40	135.84	0.99
7546.650391	5.34	134.53	1.00
7573.316895	5.30	133.94	1.00
7599.983398	5.66	133.60	0.98
7626.649902	5.68	133.35	1.00
7653.316406	5.55	132.65	1.00
7679.982910	5.35	133.79	1.00
7706.649414	5.43	132.82	1.00
7733.315918	5.35	132.22	1.00
7759.982422	5.00	131.60	1.00
7786.648926	4.86	131.61	1.00
7813.315430	4.75	131.55	1.00
7839.981934	4.68	131.30	1.00
7866.648438	4.73	130.89	1.00
7893.314941	4.84	131.02	1.00
7919.981445	5.01	130.94	1.00
7946.647949	5.14	130.35	1.00
7973.314453	5.14	128.55	1.00
7999.980957	5.15	126.73	1.00
8026.647461	5.35	125.09	1.00
8053.313965	5.43	122.75	1.00
8079.980469	5.24	121.24	1.00
8106.646973	5.09	120.10	1.00
8133.313477	4.78	117.83	1.00
8159.979980	4.56	117.66	1.00
8186.646484	4.27	117.73	1.00
8213.313477	3.95	116.44	0.98
8239.980469	3.61	114.43	0.99
8266.647461	3.48	114.32	1.00
8293.314453	3.38	114.81	1.00
8319.981445	3.46	114.89	1.00
8346.648438	3.41	114.23	1.00
8373.315430	3.31	113.94	1.00
8399.982422	3.20	114.03	1.00
8426.649414	3.11	114.03	1.00
8453.316406	2.93	113.89	1.00
8479.983398	2.70	114.23	1.00
8506.650391	2.71	114.32	1.00
8533.317383	2.39	113.44	1.00
8559.984375	2.09	112.27	1.00
8586.651367	1.86	111.72	1.00
8613.318359	1.78	111.76	1.00
8639.985352	1.73	111.89	1.00
8666.652344	1.54	110.12	0.99
8693.319336	1.28	110.26	1.00
8719.986328	1.21	111.49	1.00
8746.653320	1.21	111.72	0.99
8773.320313	0.99	111.07	1.00
8799.987305	0.93	111.35	1.00
8826.654297	0.77	111.42	1.00
8853.321289	0.64	110.49	1.00
8879.988281	0.45	110.01	1.00
8906.655273	0.25	109.60	1.00
8933.322266	-0.02	109.26	1.00
8959.989258	-0.38	109.04	0.99
8986.656250	-0.58	110.88	1.00
9013.323242	-0.64	112.12	1.00
9039.990234	-0.72	113.10	1.00
9066.657227	-0.78	113.85	1.00
9093.324219	-0.81	114.30	1.00
9119.991211	-0.97	114.12	1.00
9146.658203	-1.08	115.14	1.00
9173.325195	-1.03	115.88	1.00
9199.992188	-0.95	115.56	0.99
9226.659180	-1.07	114.07	0.99
9253.326172	-1.35	114.76	1.00
9279.993164	-1.64	115.21	1.00
9306.660156	-1.93	116.26	1.00
9333.327148	-2.18	118.19	1.00
9359.994141	-2.30	120.60	1.00
9386.661133	-2.27	123.51	1.00
9413.328125	-2.21	123.79	1.00
9439.995117	-2.26	123.36	1.00
9466.662109	-2.23	123.22	1.00
9493.329102	-2.13	123.70	1.00
9519.996094	-1.89	124.38	1.00
9546.663086	-1.59	123.99	1.00
9573.330078	-1.35	122.86	1.00
9600.000977	-1.26	124.87	0.97
9733.333984	-0.59	117.92	0.98
9866.666992	-0.30	142.10	0.97
10000.000000	-0.59	117.77	0.98
10133.333008	-1.41	134.24	0.98
10266.666016	-3.21	127.95	0.98
10399.999023	-4.06	139.77	0.99
10533.332031	-3.59	139.03	1.00
10666.665039	-3.49	155.93	0.99
10799.998047	-4.56	155.25	0.99
10933.331055	-3.52	150.80	0.99
11066.664063	-3.23	163.44	0.98
11199.997070	-1.51	160.64	0.98
11333.330078	-0.68	166.58	0.99
11466.663086	0.22	150.31	0.98
11599.996094	0.41	177.77	0.98
11733.329102	1.87	164.97	0.99
11866.662109	2.81	156.69	0.98
11999.995117	4.01	142.15	0.99
12133.328125	4.91	136.96	1.00
12266.661133	3.69	127.69	0.99
12399.994141	2.76	123.33	1.00
12533.327148	2.56	121.09	0.99
12666.660156	0.65	117.27	1.00
12799.993164	0.56	116.17	1.00
12933.326172	0.67	121.01	0.99
13066.659180	0.61	123.84	1.00
13199.992188	-0.99	126.30	1.00
13333.325195	0.37	121.77	1.00
13466.658203	0.43	123.92	1.00
13599.991211	-1.40	117.23	1.00
13733.324219	-0.59	126.57	1.00
13866.657227	-0.64	133.19	1.00
13999.990234	-0.53	127.38	1.00
14133.323242	-0.54	123.92	1.00
14266.656250	0.10	122.37	1.00
14399.989258	0.02	124.88	1.00
14533.322266	0.64	122.68	1.00
14666.655273	0.20	115.82	1.00
14799.988281	-0.32	113.45	1.00
14933.321289	-0.83	112.44	1.00
15066.654297	-1.42	113.86	1.00
15199.987305	-1.66	112.63	1.00
15333.320313	-1.61	110.47	1.00
15466.653320	-0.91	104.12	1.00
15599.986328	-1.81	108.71	1.00
15733.319336	-1.74	113.14	1.00
15866.652344	-2.50	113.01	0.99
15999.985352	-3.37	113.93	1.00
16133.318359	-3.53	114.38	1.00
16266.651367	-3.09	117.20	1.00
16399.984375	-2.40	115.80	1.00
16533.318359	-2.23	117.60	1.00
16666.652344	-2.33	115.84	1.00
16799.986328	-2.28	118.26	1.00
16933.320313	-2.09	116.70	1.00
17066.654297	-2.01	113.80	1.00
17199.988281	-1.86	112.34	1.00
17333.322266	-1.78	111.66	1.00
17466.656250	-1.81	109.81	1.00
17599.990234	-2.23	107.26	1.00
17733.324219	-2.25	104.10	1.00
17866.658203	-2.56	98.28	1.00
17999.992188	-3.26	100.31	1.00
18133.326172	-3.33	106.09	1.00
18266.660156	-3.70	110.09	0.99
18399.994141	-4.38	106.45	0.99
18533.328125	-4.97	104.61	1.00
18666.662109	-4.74	107.54	0.97
18799.996094	-4.27	110.42	1.00
18933.330078	-4.80	107.80	0.99
19066.664063	-4.81	109.36	1.00
19199.998047	-3.71	108.69	1.00
19333.332031	-4.06	108.81	0.98
19466.666016	-4.70	109.69	1.00
19600.000000	-4.73	110.68	1.00
19733.333984	-4.68	112.75	1.00
19866.667969	-4.52	113.67	0.99
20000.001953	-4.28	109.25	0.99
