	RODE 0g		
Frequency (Hz)	Magnitude (dB)	Phase (degrees)	Coherence
10.742188	-28.49	19.22	0.96
11.718750	-21.21	35.69	0.99
12.695313	-21.17	3.18	0.98
13.671875	-28.38	-6.19	0.88
14.648438	-17.62	-14.10	0.92
15.625000	-20.23	110.06	0.37
16.601563	-9.65	-124.68	1.00
17.578125	-10.30	-130.18	1.00
18.554688	-13.09	-118.63	0.89
19.531250	-11.53	140.79	0.91
20.507813	-8.06	159.03	1.00
21.484375	-9.24	165.35	0.96
22.460938	-12.72	9.15	0.98
23.437500	-13.82	10.15	1.00
24.414063	-12.01	3.91	1.00
25.390625	-13.36	26.36	0.96
26.367188	-10.83	146.47	0.97
27.343750	-18.28	139.54	0.89
28.320313	-13.11	65.50	0.88
29.296875	-8.37	123.85	0.91
30.273438	-2.91	117.62	1.00
31.250000	-1.15	105.18	0.98
32.226563	3.32	71.72	1.00
33.203125	-1.44	82.61	0.96
34.179688	-3.62	85.51	0.99
35.156250	-10.16	56.93	0.92
36.132813	1.10	44.57	0.93
37.109375	2.57	94.35	0.97
38.085938	3.55	97.83	1.00
39.062500	5.62	87.30	0.99
40.039063	4.52	76.79	1.00
41.015625	2.39	43.96	0.97
41.992188	5.69	38.11	1.00
42.968750	5.61	34.70	1.00
43.945313	4.12	41.19	1.00
44.921875	4.39	39.44	1.00
45.898438	3.16	42.00	1.00
46.875000	4.27	35.33	1.00
47.851563	3.39	29.91	0.90
48.828125	3.26	27.41	0.99
49.804688	3.70	35.66	1.00
50.781250	3.46	33.98	1.00
51.757813	2.63	36.18	1.00
52.734375	5.53	42.50	1.00
53.710938	4.48	25.26	1.00
54.687500	4.14	25.00	1.00
55.664063	3.97	24.16	1.00
56.640625	3.97	23.34	1.00
57.617188	4.14	23.20	1.00
58.593750	4.47	21.65	1.00
59.570313	4.27	19.02	1.00
60.546875	4.47	18.24	1.00
61.523438	5.56	7.63	1.00
62.500000	4.23	9.45	1.00
63.476563	3.74	9.93	1.00
64.453125	4.09	8.41	1.00
65.429688	4.38	13.58	1.00
66.406250	3.10	10.06	1.00
67.382813	2.34	6.80	1.00
68.359375	2.92	4.91	1.00
69.335938	2.74	4.00	1.00
70.312500	2.58	7.55	1.00
71.289063	2.77	7.19	1.00
72.265625	2.73	11.18	1.00
73.242188	2.63	10.67	1.00
74.218750	3.99	15.83	1.00
75.195313	5.20	13.73	1.00
76.171875	4.53	8.91	1.00
77.148438	4.03	5.83	1.00
78.125000	4.25	-0.01	1.00
79.101563	4.78	-3.59	1.00
80.078125	4.62	-4.19	1.00
81.054688	4.38	-6.02	1.00
82.031250	4.25	-6.40	1.00
83.007813	3.61	-6.55	1.00
83.984375	4.00	-6.87	1.00
84.960938	3.23	-10.26	1.00
85.937500	3.19	-10.98	1.00
86.914063	3.22	-11.23	1.00
87.890625	3.25	-9.39	1.00
88.867188	2.70	-13.66	1.00
89.843750	2.54	-13.80	1.00
90.820313	2.33	-13.86	1.00
91.796875	2.21	-13.82	1.00
92.773438	2.18	-13.85	1.00
93.750000	2.09	-15.12	1.00
94.726563	1.78	-14.63	1.00
95.703125	1.37	-16.88	1.00
96.679688	1.81	-18.11	1.00
97.656250	1.74	-18.94	1.00
98.632813	1.56	-17.30	1.00
99.609375	1.21	-20.85	1.00
100.585938	1.00	-23.07	1.00
101.562500	0.68	-23.31	1.00
102.539063	0.49	-21.64	1.00
103.515625	0.21	-20.58	1.00
104.492188	0.05	-20.41	1.00
105.468750	-0.01	-19.39	1.00
106.445313	-0.16	-18.40	1.00
107.421875	-0.28	-17.87	1.00
108.398438	-0.34	-17.86	1.00
109.375000	-0.39	-18.90	1.00
110.351563	-0.41	-18.65	1.00
111.328125	-0.38	-18.15	1.00
112.304688	-0.83	-17.38	1.00
113.281250	-1.22	-19.13	1.00
114.257813	-1.97	-18.80	1.00
115.234375	-1.46	-17.19	1.00
116.210938	-1.39	-16.01	1.00
117.187500	-1.65	-14.64	1.00
118.164063	-1.77	-14.58	1.00
119.140625	-1.87	-13.41	1.00
120.117188	-1.79	-12.30	1.00
121.093750	-1.74	-12.65	1.00
122.070313	-2.06	-11.69	1.00
123.046875	-2.11	-11.00	1.00
124.023438	-2.12	-10.54	1.00
125.000000	-2.12	-10.19	1.00
125.976563	-2.32	-10.44	1.00
126.953125	-2.34	-10.13	1.00
127.929688	-2.58	-7.75	1.00
128.906250	-2.57	-7.15	1.00
129.882813	-2.55	-6.11	1.00
130.859375	-2.48	-3.93	1.00
131.835938	-2.55	-4.01	1.00
132.812500	-2.62	-5.46	1.00
133.789063	-2.45	-5.80	1.00
134.765625	-2.16	-4.26	1.00
135.742188	-2.36	-0.75	1.00
136.718750	-2.33	0.02	1.00
137.695313	-2.24	0.88	1.00
138.671875	-2.20	2.80	1.00
140.625000	-2.07	-1.18	1.00
142.578125	-2.23	1.20	1.00
144.531250	-2.22	1.16	1.00
146.484375	-2.63	1.72	1.00
148.437500	-2.43	2.68	1.00
150.390625	-2.48	5.33	1.00
152.343750	-2.34	8.94	1.00
154.296875	-2.09	9.00	1.00
156.250000	-1.42	9.75	1.00
158.203125	-1.43	10.61	1.00
160.156250	-1.06	11.03	1.00
162.109375	-1.08	11.28	1.00
164.062500	-0.09	6.91	1.00
166.015625	0.29	8.60	1.00
167.968750	0.77	1.59	1.00
169.921875	0.52	2.49	1.00
171.875000	0.27	-4.53	1.00
173.828125	0.24	-4.92	1.00
175.781250	-0.93	-10.83	1.00
177.734375	-0.94	-10.10	1.00
179.687500	-1.99	-9.47	1.00
181.640625	-3.13	-4.66	1.00
183.593750	-3.27	-4.66	1.00
185.546875	-3.22	-1.49	1.00
187.500000	-3.43	6.02	1.00
189.453125	-3.81	8.25	1.00
191.406250	-2.66	15.45	1.00
193.359375	-2.03	21.11	1.00
195.312500	-1.34	20.52	1.00
197.265625	-0.66	20.35	1.00
199.218750	-0.23	22.02	1.00
201.171875	0.47	24.71	1.00
203.125000	0.89	20.77	1.00
205.078125	0.89	18.02	1.00
207.031250	1.84	9.24	1.00
208.984375	2.13	10.50	1.00
210.937500	2.12	8.78	1.00
212.890625	1.23	-0.24	1.00
214.843750	1.42	-8.01	1.00
216.796875	1.60	-9.28	1.00
218.750000	0.79	-13.58	1.00
220.703125	0.39	-15.00	1.00
222.656250	-0.20	-13.26	1.00
224.609375	-1.52	-13.23	1.00
226.562500	-1.55	-13.75	1.00
228.515625	-2.21	-10.54	1.00
230.468750	-2.42	-9.27	1.00
232.421875	-2.39	-6.12	1.00
234.375000	-2.42	-5.37	1.00
236.328125	-2.73	-4.92	1.00
238.281250	-2.68	-5.08	1.00
240.234375	-3.52	-4.80	1.00
242.187500	-4.89	0.27	0.99
244.140625	-4.80	2.54	1.00
246.093750	-4.64	6.18	1.00
248.046875	-4.48	8.19	1.00
250.000000	-3.62	13.04	0.99
251.953125	-3.62	34.78	0.99
253.906250	-4.00	39.33	1.00
255.859375	-3.61	39.09	1.00
257.812500	-2.90	38.94	1.00
259.765625	-1.34	44.70	0.99
261.718750	-0.31	42.12	1.00
263.671875	0.53	45.27	0.99
265.625000	-0.81	56.78	0.98
267.578125	0.49	47.80	0.99
269.531250	1.04	39.14	1.00
271.484375	1.75	30.83	1.00
273.437500	2.18	25.46	1.00
275.390625	2.58	16.54	0.98
277.343750	3.11	7.17	1.00
281.250000	5.25	7.28	0.96
285.156250	-2.05	4.94	0.91
289.062500	-3.04	4.95	0.59
292.968750	1.56	-24.78	0.96
296.875000	0.72	-23.33	0.98
300.781250	-3.34	-23.39	0.96
304.687500	-0.53	-14.35	0.98
308.593750	-1.41	-10.37	1.00
312.500000	-0.73	-9.22	1.00
316.406250	-2.37	-20.66	0.99
320.312500	-2.38	-21.01	1.00
324.218750	-4.62	-10.78	0.99
328.125000	-4.36	-9.24	1.00
332.031250	-4.52	2.28	1.00
335.937500	-4.32	4.59	1.00
339.843750	-4.06	4.43	1.00
343.750000	-2.07	15.06	1.00
347.656250	-2.62	4.39	0.99
351.562500	-1.26	3.49	1.00
355.468750	-1.16	6.40	1.00
359.375000	-2.96	2.63	0.99
363.281250	-2.75	15.92	1.00
367.187500	-3.09	12.60	1.00
371.093750	-1.96	16.46	1.00
375.000000	-1.67	17.56	1.00
378.906250	-1.52	18.28	1.00
382.812500	-0.56	21.40	1.00
386.718750	-0.60	19.17	1.00
390.625000	0.07	16.92	1.00
394.531250	0.00	11.54	1.00
398.437500	-0.42	11.87	1.00
402.343750	-0.40	13.49	1.00
406.250000	0.26	16.74	1.00
410.156250	2.07	11.83	1.00
414.062500	1.17	4.70	1.00
417.968750	0.52	9.43	1.00
421.875000	1.48	3.75	1.00
425.781250	1.36	-2.05	1.00
429.687500	0.44	-0.95	1.00
433.593750	-0.35	0.88	1.00
437.500000	-0.43	2.42	1.00
441.406250	-0.42	1.80	1.00
445.312500	-0.49	0.86	1.00
449.218750	-0.65	2.19	1.00
453.125000	-0.81	2.85	1.00
457.031250	-0.70	4.93	1.00
460.937500	-0.68	5.50	1.00
464.843750	-0.71	5.11	1.00
468.750000	-0.71	6.80	1.00
472.656250	-0.67	9.63	1.00
476.562500	-0.62	10.24	1.00
480.468750	0.86	7.21	1.00
484.375000	0.87	4.92	1.00
488.281250	0.55	0.78	1.00
492.187500	-0.15	-2.05	1.00
496.093750	-0.42	-2.10	1.00
500.000000	-0.68	-1.32	1.00
503.906250	-0.87	-0.70	1.00
507.812500	-0.95	2.58	1.00
511.718750	-1.01	1.65	1.00
515.625000	-1.08	2.88	1.00
519.531250	-1.62	2.62	1.00
523.437500	-1.81	2.40	1.00
527.343750	-1.79	7.74	1.00
531.250000	0.04	0.83	0.99
535.156250	0.18	-1.81	0.97
539.062500	-1.44	-1.28	0.98
542.968750	-2.03	-4.14	0.99
546.875000	-3.80	-3.18	0.99
550.781250	-4.29	7.72	0.99
554.687500	-4.12	14.10	1.00
560.000000	-3.05	15.58	1.00
568.000000	-2.04	19.17	1.00
576.000000	-1.20	24.69	0.99
584.000000	0.41	28.78	1.00
592.000000	2.66	11.75	0.98
600.000000	2.55	9.22	1.00
608.000000	1.57	-3.81	0.99
616.000000	0.67	-6.21	1.00
624.000000	0.30	-3.40	1.00
632.000000	-2.74	4.99	1.00
640.000000	-2.35	7.88	1.00
648.000000	-2.23	10.90	1.00
656.000000	-0.18	11.11	0.99
664.000000	-0.04	12.08	1.00
672.000000	-1.35	-4.23	0.99
680.000000	0.08	-3.94	0.99
688.000000	-0.58	5.26	0.99
696.000000	0.04	6.58	1.00
704.000000	0.12	5.89	1.00
712.000000	-0.14	4.75	1.00
720.000000	-0.27	4.64	1.00
728.000000	-0.78	2.29	1.00
736.000000	-0.94	2.07	1.00
744.000000	-1.74	6.54	1.00
752.000000	-3.73	4.68	1.00
760.000000	-2.70	16.19	0.99
768.000000	-1.27	17.71	1.00
776.000000	-0.51	21.44	1.00
784.000000	0.19	19.00	1.00
792.000000	1.03	18.66	1.00
800.000000	1.20	16.00	1.00
808.000000	1.78	8.47	1.00
816.000000	1.69	4.14	1.00
824.000000	1.63	-0.10	1.00
832.000000	0.85	-5.27	1.00
840.000000	-0.61	-1.18	1.00
848.000000	-1.23	6.74	0.98
856.000000	-1.23	-3.96	0.97
864.000000	-1.47	8.28	1.00
872.000000	-1.41	11.05	1.00
880.000000	-2.01	12.23	1.00
888.000000	-1.09	12.03	1.00
896.000000	-1.04	15.24	1.00
904.000000	-0.57	15.93	1.00
912.000000	0.09	15.59	1.00
920.000000	0.41	16.17	1.00
928.000000	0.79	13.06	1.00
936.000000	1.37	10.01	1.00
944.000000	1.66	7.74	1.00
952.000000	1.14	3.04	1.00
960.000000	0.37	1.08	1.00
968.000000	0.10	1.16	1.00
976.000000	-0.31	2.07	1.00
984.000000	-0.55	2.02	1.00
992.000000	-0.57	5.25	1.00
1000.000000	-0.57	6.74	1.00
1008.000000	-0.59	8.73	1.00
1016.000000	-0.52	9.47	1.00
1024.000000	-0.43	9.90	1.00
1032.000000	-0.53	9.37	1.00
1040.000000	-0.54	9.94	1.00
1048.000000	-0.49	10.79	1.00
1056.000000	-0.49	12.85	1.00
1064.000000	-0.14	17.46	0.99
1072.000000	1.20	24.73	0.98
1080.000000	1.34	25.20	0.92
1088.000000	3.91	10.20	0.99
1096.000000	2.92	-2.22	0.98
1104.000000	0.85	-4.85	1.00
1112.000000	0.12	-6.86	1.00
1120.000000	-0.39	-4.45	1.00
1128.000000	-0.91	-4.89	1.00
1136.000000	-1.16	-5.04	1.00
1144.000000	-1.66	-1.56	1.00
1152.000000	-1.81	2.07	1.00
1160.000000	-1.66	8.22	1.00
1168.000000	-1.40	11.04	1.00
1176.000000	-0.95	13.38	1.00
1184.000000	-0.68	13.66	1.00
1192.000000	-0.60	13.49	1.00
1200.000000	-0.13	13.17	1.00
1208.000000	0.07	11.93	1.00
1216.000000	0.11	10.40	1.00
1224.000000	0.23	9.80	1.00
1232.000000	0.30	9.05	1.00
1240.000000	0.25	7.64	1.00
1248.000000	0.08	6.44	1.00
1256.000000	-0.19	6.41	1.00
1264.000000	-0.37	6.50	1.00
1272.000000	-0.51	7.94	1.00
1280.000000	-0.53	8.88	1.00
1288.000000	-0.53	9.96	1.00
1296.000000	-0.31	10.55	1.00
1304.000000	0.14	9.60	1.00
1312.000000	0.36	7.73	1.00
1320.000000	0.17	5.02	1.00
1328.000000	0.01	5.48	1.00
1336.000000	-0.30	4.31	1.00
1344.000000	-0.66	4.62	1.00
1352.000000	-1.17	5.87	1.00
1360.000000	-1.47	7.31	1.00
1368.000000	-1.44	10.05	1.00
1376.000000	-1.49	11.40	1.00
1384.000000	-1.63	14.16	1.00
1392.000000	-1.78	19.44	1.00
1400.000000	-1.59	24.00	1.00
1408.000000	-0.44	25.82	0.99
1416.000000	0.52	25.93	1.00
1424.000000	1.34	25.18	1.00
1432.000000	2.13	22.72	1.00
1440.000000	3.63	17.70	0.99
1448.000000	4.39	7.97	0.97
1456.000000	3.30	-4.06	0.96
1464.000000	1.21	-11.98	0.98
1472.000000	-0.79	-15.42	0.98
1480.000000	-1.92	-12.36	0.99
1488.000000	-2.68	-8.12	1.00
1496.000000	-3.44	-0.18	1.00
1504.000000	-3.80	12.55	0.99
1512.000000	-3.08	21.99	0.99
1520.000000	-1.96	23.22	1.00
1528.000000	-1.01	23.03	1.00
1536.000000	-0.50	22.02	1.00
1544.000000	-0.26	20.68	1.00
1552.000000	-0.07	20.37	1.00
1560.000000	0.31	19.90	1.00
1568.000000	0.54	18.35	1.00
1576.000000	0.78	16.90	1.00
1584.000000	0.96	14.41	1.00
1592.000000	1.00	11.01	1.00
1600.000000	0.87	8.08	1.00
1608.000000	0.37	4.77	1.00
1616.000000	0.02	3.79	1.00
1624.000000	-0.40	5.91	1.00
1632.000000	-0.66	6.97	1.00
1640.000000	-0.97	7.26	1.00
1648.000000	-1.32	9.77	1.00
1656.000000	-1.23	13.30	1.00
1664.000000	-1.16	16.30	1.00
1672.000000	-1.00	18.14	1.00
1680.000000	-0.78	19.75	1.00
1688.000000	-0.55	21.47	1.00
1696.000000	-0.11	23.36	1.00
1704.000000	0.37	22.96	1.00
1712.000000	0.38	20.45	1.00
1720.000000	0.38	19.24	1.00
1728.000000	0.43	19.27	1.00
1736.000000	0.58	18.78	1.00
1744.000000	0.80	17.59	1.00
1752.000000	0.89	15.76	1.00
1760.000000	0.71	16.16	1.00
1768.000000	0.23	17.62	1.00
1776.000000	-0.29	19.25	1.00
1784.000000	0.20	20.68	1.00
1792.000000	0.94	19.18	1.00
1800.000000	1.19	16.65	1.00
1808.000000	1.04	13.44	1.00
1816.000000	0.90	10.31	1.00
1824.000000	0.62	8.36	1.00
1832.000000	0.25	7.49	1.00
1840.000000	-0.18	8.03	1.00
1848.000000	-0.60	9.23	1.00
1856.000000	-1.14	12.21	1.00
1866.665649	-0.52	20.62	0.99
1893.332275	0.54	25.90	0.99
1919.998901	0.61	11.90	0.98
1946.665527	-0.62	21.94	0.99
1973.332153	1.23	15.98	1.00
1999.998779	-0.52	6.66	1.00
2026.665405	-1.47	7.25	0.99
2053.332031	-0.45	-12.28	0.69
2079.998779	5.96	12.16	0.95
2106.665527	4.10	7.60	0.93
2133.332275	-1.00	9.64	0.94
2159.999023	-0.25	27.82	0.97
2186.665771	2.61	23.73	0.99
2213.332520	2.90	17.58	1.00
2239.999268	1.80	6.02	1.00
2266.666016	-0.46	5.03	0.99
2293.332764	0.06	16.49	0.99
2319.999512	0.30	20.37	1.00
2346.666260	0.18	27.41	1.00
2373.333008	1.26	21.57	0.98
2399.999756	2.48	23.34	0.96
2426.666504	2.60	1.64	0.98
2453.333252	-0.37	1.35	0.99
2480.000000	-2.69	21.63	0.97
2506.666748	0.56	53.16	0.91
2533.333496	3.49	32.13	0.95
2560.000244	2.36	4.69	0.97
2586.666992	-0.61	3.40	0.98
2613.333740	0.04	21.26	0.99
2640.000488	0.78	22.21	1.00
2666.667236	-0.88	35.63	0.99
2693.333984	0.31	57.95	0.94
2720.000732	4.98	43.65	0.97
2746.667480	3.25	-6.23	0.97
2773.334229	2.90	1.54	0.94
2800.000977	0.65	28.03	0.99
2826.667725	0.65	37.87	0.98
2853.334473	3.60	29.25	1.00
2880.001221	4.31	24.15	1.00
2906.667969	4.03	13.84	0.99
2933.334717	0.24	-7.38	0.97
2960.001465	-2.95	14.58	0.95
2986.668213	2.02	33.69	0.95
3013.334961	2.99	31.51	0.98
3040.001709	4.80	29.82	0.93
3066.668457	3.54	16.76	0.99
3093.335205	4.44	19.05	0.99
3120.001953	2.75	12.33	0.98
3146.668701	2.19	26.17	0.99
3173.335449	2.65	38.24	0.96
3200.002197	6.19	24.42	0.97
3226.668945	5.22	11.90	0.98
3253.335693	4.50	10.68	1.00
3280.002441	3.29	10.69	1.00
3306.669189	3.02	13.52	1.00
3333.335938	2.65	22.67	0.98
3360.002686	3.29	28.39	1.00
3386.669434	3.90	22.28	1.00
3413.336182	4.77	14.61	1.00
3440.002930	1.02	2.98	0.98
3466.669678	0.94	-4.06	0.97
3493.336426	0.29	14.95	0.98
3520.003174	4.05	36.56	0.96
3546.669922	5.42	22.97	0.95
3573.336670	5.78	-2.73	0.96
3600.003418	3.79	8.52	0.80
3626.670166	2.91	17.25	0.99
3653.336914	3.81	19.12	1.00
3680.003662	4.11	18.58	1.00
3706.670410	4.34	20.12	0.99
3733.337158	5.63	10.92	0.96
3760.003906	5.75	-2.59	0.99
3786.670654	2.23	-4.70	1.00
3813.337402	1.28	6.00	0.93
3840.004150	3.63	29.03	0.74
3866.670898	6.27	17.62	0.97
3893.337646	6.77	6.22	0.98
3920.004395	5.55	-1.62	0.95
3946.671143	4.67	9.17	0.99
3973.337891	3.79	13.35	1.00
4000.004639	4.97	16.40	0.99
4026.671387	5.77	19.45	0.98
4053.338135	5.89	12.01	1.00
4080.004883	5.25	8.28	0.98
4106.671387	4.08	2.19	0.98
4133.337891	3.45	13.07	0.98
4160.004395	4.47	19.20	0.97
4186.670898	7.36	10.08	0.90
4213.337402	7.81	-2.36	0.99
4240.003906	6.74	-2.60	1.00
4266.670410	4.43	-3.31	0.97
4293.336914	2.89	3.00	0.95
4320.003418	1.64	8.48	0.87
4346.669922	-0.72	-10.62	0.88
4373.336426	3.42	-10.86	0.98
4400.002930	4.53	-11.08	0.98
4426.669434	4.09	-9.28	0.99
4453.335938	3.61	-13.78	0.97
4480.002441	3.39	-0.63	0.99
4506.668945	4.62	1.05	0.99
4533.335449	4.85	-2.60	1.00
4560.001953	3.18	-0.44	0.99
4586.668457	4.11	-3.28	0.99
4613.334961	5.06	-4.84	0.98
4640.001465	4.85	-2.99	0.99
4666.667969	4.51	1.99	1.00
4693.334473	4.83	8.94	0.99
4720.000977	6.36	8.94	0.99
4746.667480	5.25	-1.33	0.99
4773.333984	4.91	-1.51	1.00
4800.000488	4.77	0.03	1.00
4826.666992	5.45	-3.04	0.99
4853.333496	6.34	-2.17	1.00
4880.000000	5.94	-0.32	0.99
4906.666504	5.93	-0.05	1.00
4933.333008	6.02	1.97	0.98
4959.999512	6.38	2.59	1.00
4986.666016	6.26	-0.54	1.00
5013.332520	6.46	-2.06	1.00
5039.999023	6.62	-3.70	1.00
5066.665527	6.75	-6.08	1.00
5093.332031	6.27	-6.45	0.99
5119.998535	5.80	-5.38	1.00
5146.665039	5.97	-4.86	1.00
5173.331543	6.24	-4.89	1.00
5199.998047	6.63	-4.82	1.00
5226.664551	6.56	-9.93	1.00
5253.331055	6.32	-10.65	1.00
5279.997559	6.07	-8.06	1.00
5306.664063	6.12	-6.17	1.00
5333.330566	6.13	-6.96	0.98
5359.997070	6.16	-13.76	0.99
5386.663574	5.79	-14.86	1.00
5413.330078	5.80	-11.29	0.99
5439.996582	5.95	-11.13	0.99
5466.663086	5.73	-17.93	1.00
5493.329590	5.65	-20.66	1.00
5519.996094	5.47	-21.77	0.99
5546.662598	5.97	-18.26	0.98
5573.329102	6.23	-21.63	0.99
5599.995605	5.70	-20.40	0.99
5626.662109	5.04	-16.87	0.96
5653.328613	4.95	-11.02	0.98
5679.995117	6.03	-10.14	0.99
5706.661621	6.57	-17.82	0.99
5733.328125	5.85	-20.91	0.99
5759.994629	4.89	-16.48	0.99
5786.661133	5.07	-14.23	1.00
5813.327637	5.61	-14.27	1.00
5839.994141	6.01	-14.27	1.00
5866.660645	6.21	-15.55	0.99
5893.327148	6.20	-18.57	1.00
5919.993652	5.51	-19.83	1.00
5946.660156	4.96	-20.24	1.00
5973.326660	4.54	-19.30	1.00
5999.993164	3.87	-17.72	0.98
6026.659668	4.92	-22.18	0.98
6053.326172	5.36	-25.16	0.98
6079.992676	4.61	-23.62	0.98
6106.659180	4.59	-21.12	1.00
6133.325684	4.84	-18.54	1.00
6159.992188	5.28	-16.08	1.00
6186.658691	5.59	-16.17	0.99
6213.325195	6.03	-21.80	0.98
6239.991699	5.29	-24.35	0.99
6266.658203	4.55	-23.73	1.00
6293.324707	4.39	-20.28	0.98
6319.991211	6.10	-18.64	0.99
6346.657715	6.61	-26.25	0.98
6373.324219	6.28	-26.61	0.99
6399.990723	5.71	-27.18	1.00
6426.657227	5.59	-26.16	1.00
6453.323730	5.62	-26.08	1.00
6479.990234	5.60	-26.43	1.00
6506.656738	5.68	-26.55	0.99
6533.323242	5.99	-26.64	0.98
6559.989746	6.25	-27.82	0.97
6586.656250	5.49	-29.74	0.99
6613.322754	5.12	-28.96	1.00
6639.989258	5.12	-26.72	1.00
6666.655762	5.30	-28.57	1.00
6693.322266	5.48	-35.20	0.99
6719.988770	4.81	-40.61	0.98
6746.655273	4.53	-39.21	1.00
6773.321777	4.48	-35.01	1.00
6799.988281	5.20	-31.43	1.00
6826.654785	5.37	-32.37	1.00
6853.321289	5.37	-33.37	1.00
6879.987793	5.20	-34.78	1.00
6906.654297	5.09	-36.74	1.00
6933.320801	4.93	-37.43	1.00
6959.987305	4.75	-37.22	1.00
6986.653809	4.84	-37.78	1.00
7013.320313	4.96	-38.99	1.00
7039.986816	4.97	-40.95	1.00
7066.653320	4.68	-42.25	0.99
7093.319824	3.78	-42.33	0.99
7119.986328	3.30	-41.20	0.99
7146.652832	3.38	-38.53	1.00
7173.319336	3.84	-40.60	0.99
7199.985840	4.07	-44.10	1.00
7226.652344	3.88	-45.51	0.99
7253.318848	3.46	-45.67	1.00
7279.985352	3.30	-45.56	1.00
7306.651855	3.19	-44.32	1.00
7333.318359	3.25	-43.68	1.00
7359.984863	3.56	-44.08	0.99
7386.651367	3.34	-48.77	1.00
7413.317871	2.37	-52.09	0.99
7439.984375	1.58	-50.67	0.98
7466.650879	1.75	-45.98	0.95
7493.317383	2.93	-41.72	0.99
7519.983887	3.06	-44.07	1.00
7546.650391	2.58	-46.24	0.99
7573.316895	1.99	-47.35	0.98
7599.983398	1.70	-45.63	0.99
7626.649902	1.96	-42.55	0.99
7653.316406	1.84	-40.90	1.00
7679.982910	1.94	-38.56	1.00
7706.649414	1.99	-38.11	1.00
7733.315918	1.93	-39.26	1.00
7759.982422	1.68	-39.11	1.00
7786.648926	1.59	-36.45	1.00
7813.315430	1.68	-33.54	0.97
7839.981934	2.12	-33.82	1.00
7866.648438	2.00	-36.09	1.00
7893.314941	1.75	-37.72	0.99
7919.981445	1.45	-37.21	1.00
7946.647949	1.57	-35.99	1.00
7973.314453	1.83	-34.93	1.00
7999.980957	2.14	-34.64	1.00
8026.647461	2.35	-34.41	1.00
8053.313965	2.28	-34.69	0.99
8079.980469	2.07	-34.47	1.00
8106.646973	1.94	-34.62	1.00
8133.313477	2.01	-34.93	1.00
8159.979980	2.09	-35.90	1.00
8186.646484	2.05	-37.39	1.00
8213.313477	1.87	-38.45	1.00
8239.980469	1.40	-38.11	0.99
8266.647461	1.26	-37.77	1.00
8293.314453	1.50	-36.49	1.00
8319.981445	1.71	-36.40	1.00
8346.648438	1.81	-37.74	1.00
8373.315430	1.68	-39.50	1.00
8399.982422	1.52	-39.67	1.00
8426.649414	1.44	-39.12	1.00
8453.316406	1.48	-38.20	1.00
8479.983398	1.55	-38.43	1.00
8506.650391	1.43	-38.95	1.00
8533.317383	1.09	-39.97	1.00
8559.984375	0.68	-41.39	1.00
8586.651367	0.30	-40.88	0.99
8613.318359	0.38	-38.38	1.00
8639.985352	0.70	-36.84	1.00
8666.652344	0.71	-37.84	1.00
8693.319336	0.53	-37.73	0.99
8719.986328	0.65	-35.25	0.99
8746.653320	0.55	-35.72	0.99
8773.320313	0.08	-35.77	0.99
8799.987305	0.18	-35.09	1.00
8826.654297	0.49	-34.87	1.00
8853.321289	0.71	-36.90	0.99
8879.988281	0.44	-39.05	1.00
8906.655273	0.06	-39.96	1.00
8933.322266	-0.16	-39.72	1.00
8959.989258	-0.36	-38.60	1.00
8986.656250	-0.41	-38.29	1.00
9013.323242	-0.39	-37.82	1.00
9039.990234	-0.67	-37.48	1.00
9066.657227	-0.89	-36.27	1.00
9093.324219	-0.89	-34.65	1.00
9119.991211	-0.58	-33.40	1.00
9146.658203	-0.44	-33.06	1.00
9173.325195	-0.24	-33.68	1.00
9199.992188	-0.23	-35.06	1.00
9226.659180	-0.38	-34.87	1.00
9253.326172	-0.56	-33.95	1.00
9279.993164	-0.63	-32.26	1.00
9306.660156	-0.63	-30.96	1.00
9333.327148	-0.56	-31.61	1.00
9359.994141	-0.57	-31.99	1.00
9386.661133	-0.67	-31.81	1.00
9413.328125	-0.69	-29.88	1.00
9439.995117	-0.49	-27.88	1.00
9466.662109	-0.23	-27.60	1.00
9493.329102	0.00	-28.30	1.00
9519.996094	0.22	-29.73	0.99
9546.663086	0.21	-30.88	1.00
9573.330078	-0.05	-32.62	1.00
9600.000977	-0.41	-29.96	0.98
9733.333984	-0.48	-35.88	0.99
9866.666992	0.96	-36.58	1.00
10000.000000	-8.16	-39.65	0.92
10133.333008	-2.75	-27.74	1.00
10266.666016	-2.21	-27.86	1.00
10399.999023	-2.86	-21.35	1.00
10533.332031	-2.80	-17.22	1.00
10666.665039	-3.33	-9.97	1.00
10799.998047	-0.80	-6.46	1.00
10933.331055	-0.68	4.83	0.99
11066.664063	0.80	7.88	0.99
11199.997070	2.35	10.72	0.98
11333.330078	2.10	-0.16	0.99
11466.663086	2.32	-0.58	0.98
11599.996094	3.12	-21.12	0.99
11733.329102	2.59	-16.92	0.98
11866.662109	1.37	-17.65	0.96
11999.995117	1.34	-16.85	0.97
12133.328125	2.38	-24.48	1.00
12266.661133	1.94	-23.29	1.00
12399.994141	2.55	-19.62	1.00
12533.327148	1.02	-15.21	1.00
12666.660156	1.67	-17.78	1.00
12799.993164	2.13	-22.35	1.00
12933.326172	3.21	-14.53	0.99
13066.659180	2.67	-11.26	0.99
13199.992188	5.47	-16.88	0.99
13333.325195	4.87	-24.40	1.00
13466.658203	4.50	-35.91	1.00
13599.991211	4.02	-36.51	1.00
13733.324219	3.93	-36.59	1.00
13866.657227	4.14	-38.39	1.00
13999.990234	4.12	-36.39	1.00
14133.323242	3.94	-45.25	1.00
14266.656250	3.21	-44.83	1.00
14399.989258	1.62	-42.54	0.99
14533.322266	2.18	-44.13	1.00
14666.655273	2.16	-42.83	1.00
14799.988281	2.79	-44.93	1.00
14933.321289	3.01	-48.59	0.99
15066.654297	2.69	-48.64	1.00
15199.987305	2.58	-49.83	1.00
15333.320313	2.29	-48.02	1.00
15466.653320	2.33	-50.10	1.00
15599.986328	2.53	-55.30	1.00
15733.319336	2.10	-56.64	1.00
15866.652344	1.91	-58.39	1.00
15999.985352	0.85	-57.54	1.00
16133.318359	0.53	-54.27	1.00
16266.651367	0.63	-50.01	0.99
16399.984375	1.37	-49.67	0.99
16533.318359	1.17	-47.97	1.00
16666.652344	0.96	-53.64	1.00
16799.986328	1.25	-54.29	1.00
16933.320313	1.33	-53.56	1.00
17066.654297	1.42	-53.39	1.00
17199.988281	1.87	-53.07	1.00
17333.322266	2.55	-57.01	1.00
17466.656250	2.59	-63.23	1.00
17599.990234	2.67	-67.42	1.00
17733.324219	2.45	-68.37	1.00
17866.658203	2.20	-71.84	1.00
17999.992188	0.97	-73.58	1.00
18133.326172	1.04	-75.16	0.98
18266.660156	0.82	-80.96	0.99
18399.994141	0.45	-83.45	1.00
18533.328125	-0.04	-87.38	0.99
18666.662109	-1.03	-88.65	0.99
18799.996094	-1.34	-89.07	1.00
18933.330078	-2.03	-88.89	1.00
19066.664063	-3.01	-88.43	1.00
19199.998047	-3.50	-87.38	1.00
19333.332031	-4.46	-86.70	1.00
19466.666016	-4.55	-83.09	0.99
19600.000000	-4.47	-79.11	1.00
19733.333984	-4.60	-78.79	1.00
19866.667969	-4.44	-80.06	1.00
20000.001953	-4.14	-78.13	1.00
