	58 0g		
Frequency (Hz)	Magnitude (dB)	Phase (degrees)	Coherence
10.742188	-36.72	-23.99	0.76
11.718750	-39.93	-10.69	0.58
12.695313	-36.25	-12.65	0.81
13.671875	-38.00	27.42	0.51
14.648438	-34.38	-23.71	0.77
15.625000	-37.77	-5.30	0.63
16.601563	-33.70	-5.30	0.97
17.578125	-40.77	-15.16	0.80
18.554688	-32.96	-22.78	0.76
19.531250	-31.97	5.66	0.93
20.507813	-30.05	-22.35	0.97
21.484375	-29.94	4.09	0.92
22.460938	-26.92	-33.79	0.94
23.437500	-25.26	-37.24	0.91
24.414063	-29.20	-18.76	0.89
25.390625	-24.60	-23.98	0.99
26.367188	-25.49	-15.19	0.99
27.343750	-24.30	-26.41	0.97
28.320313	-23.66	2.64	0.95
29.296875	-22.56	20.36	0.97
30.273438	-18.15	-6.38	0.99
31.250000	-16.44	-11.67	1.00
32.226563	-15.96	-18.29	1.00
33.203125	-17.30	-26.18	1.00
34.179688	-15.04	-32.91	1.00
35.156250	-14.40	-37.26	1.00
36.132813	-15.43	-30.99	1.00
37.109375	-14.63	-30.50	1.00
38.085938	-12.95	-27.90	1.00
39.062500	-12.42	-13.42	1.00
40.039063	-9.08	-44.81	1.00
41.015625	-8.84	-37.25	1.00
41.992188	-8.40	-55.85	1.00
42.968750	-10.68	-50.85	1.00
43.945313	-9.93	-50.67	1.00
44.921875	-9.94	-50.73	1.00
45.898438	-9.11	-52.63	1.00
46.875000	-9.26	-53.90	1.00
47.851563	-9.17	-54.44	1.00
48.828125	-8.40	-58.40	1.00
49.804688	-7.94	-54.02	1.00
50.781250	-8.18	-57.83	1.00
51.757813	-8.27	-60.66	1.00
52.734375	-7.39	-59.53	1.00
53.710938	-7.18	-61.64	1.00
54.687500	-6.94	-60.95	1.00
55.664063	-6.90	-65.80	1.00
56.640625	-6.67	-65.48	1.00
57.617188	-6.48	-65.95	1.00
58.593750	-6.26	-66.82	1.00
59.570313	-5.89	-69.32	1.00
60.546875	-5.52	-72.51	1.00
61.523438	-5.46	-73.69	1.00
62.500000	-5.71	-71.95	1.00
63.476563	-5.16	-77.59	1.00
64.453125	-5.12	-79.62	1.00
65.429688	-5.12	-79.42	1.00
66.406250	-4.84	-81.30	1.00
67.382813	-5.25	-86.32	1.00
68.359375	-4.86	-84.31	1.00
69.335938	-4.73	-87.68	1.00
70.312500	-4.95	-85.13	1.00
71.289063	-5.12	-85.08	1.00
72.265625	-5.45	-85.58	1.00
73.242188	-4.23	-79.65	1.00
74.218750	-4.22	-81.61	1.00
75.195313	-3.85	-83.79	1.00
76.171875	-3.06	-79.30	1.00
77.148438	-1.75	-86.35	1.00
78.125000	-2.58	-86.86	1.00
79.101563	-2.31	-95.43	1.00
80.078125	-2.42	-95.27	1.00
81.054688	-2.38	-95.74	1.00
82.031250	-2.57	-100.82	1.00
83.007813	-2.50	-101.08	1.00
83.984375	-2.49	-101.19	1.00
84.960938	-2.56	-103.79	1.00
85.937500	-2.54	-103.95	1.00
86.914063	-2.57	-104.38	1.00
87.890625	-2.49	-105.18	1.00
88.867188	-2.33	-105.77	1.00
89.843750	-2.36	-106.08	1.00
90.820313	-2.20	-105.33	1.00
91.796875	-2.22	-108.81	1.00
92.773438	-2.10	-107.75	1.00
93.750000	-2.22	-107.37	1.00
94.726563	-1.65	-110.80	1.00
95.703125	-1.49	-111.68	1.00
96.679688	-1.54	-112.69	1.00
97.656250	-1.54	-115.28	1.00
98.632813	-2.04	-118.44	1.00
99.609375	-1.81	-118.77	1.00
100.585938	-1.82	-118.85	1.00
101.562500	-1.85	-119.44	1.00
102.539063	-1.98	-120.67	1.00
103.515625	-1.96	-120.70	1.00
104.492188	-1.87	-121.06	1.00
105.468750	-1.83	-122.24	1.00
106.445313	-2.44	-126.95	1.00
107.421875	-1.91	-127.38	1.00
108.398438	-1.84	-129.89	1.00
109.375000	-2.45	-131.38	1.00
110.351563	-2.64	-129.95	1.00
111.328125	-2.78	-129.16	1.00
112.304688	-2.99	-127.18	1.00
113.281250	-2.96	-126.88	1.00
114.257813	-2.86	-126.94	1.00
115.234375	-2.92	-126.67	1.00
116.210938	-2.96	-126.59	1.00
117.187500	-2.97	-126.50	1.00
118.164063	-2.96	-126.39	1.00
119.140625	-2.95	-125.92	1.00
120.117188	-3.01	-125.34	1.00
121.093750	-2.98	-124.37	1.00
122.070313	-2.91	-124.58	1.00
123.046875	-2.76	-125.04	1.00
124.023438	-2.75	-125.23	1.00
125.000000	-2.66	-125.55	1.00
125.976563	-2.65	-125.92	1.00
126.953125	-2.57	-125.94	1.00
127.929688	-2.56	-126.31	1.00
128.906250	-2.56	-126.51	1.00
129.882813	-2.52	-126.72	1.00
130.859375	-2.53	-126.83	1.00
131.835938	-2.45	-126.63	1.00
132.812500	-2.42	-126.43	1.00
133.789063	-2.34	-125.97	1.00
134.765625	-2.24	-126.40	1.00
135.742188	-2.19	-126.50	1.00
136.718750	-2.11	-126.79	1.00
137.695313	-2.02	-127.85	1.00
138.671875	-1.94	-127.65	1.00
140.625000	-1.83	-127.13	1.00
142.578125	-2.05	-130.83	1.00
144.531250	-2.00	-130.86	1.00
146.484375	-1.81	-130.62	1.00
148.437500	-2.11	-129.99	1.00
150.390625	-1.59	-129.91	1.00
152.343750	-1.68	-130.37	1.00
154.296875	-1.65	-128.43	1.00
156.250000	-1.33	-130.38	1.00
158.203125	-1.33	-131.06	1.00
160.156250	-1.05	-132.07	1.00
162.109375	-0.97	-132.23	1.00
164.062500	-1.27	-137.56	1.00
166.015625	-0.31	-134.82	1.00
167.968750	-0.06	-140.03	1.00
169.921875	0.02	-140.22	1.00
171.875000	0.18	-141.96	1.00
173.828125	-0.41	-146.83	1.00
175.781250	-0.70	-148.25	1.00
177.734375	-1.04	-149.14	1.00
179.687500	-1.65	-148.39	1.00
181.640625	-1.70	-149.38	1.00
183.593750	-2.54	-146.84	1.00
185.546875	-2.52	-146.34	1.00
187.500000	-2.53	-141.81	1.00
189.453125	-2.54	-139.45	1.00
191.406250	-2.63	-138.39	1.00
193.359375	-2.77	-135.26	1.00
195.312500	-1.34	-133.94	1.00
197.265625	-1.48	-134.33	1.00
199.218750	-0.65	-133.92	1.00
201.171875	-0.49	-134.29	1.00
203.125000	-0.28	-137.31	1.00
205.078125	0.24	-139.59	1.00
207.031250	0.63	-139.07	1.00
208.984375	0.85	-142.78	1.00
210.937500	1.08	-145.68	1.00
212.890625	1.22	-147.26	1.00
214.843750	0.99	-155.81	1.00
216.796875	0.98	-157.77	1.00
218.750000	0.92	-158.82	1.00
220.703125	0.06	-162.43	1.00
222.656250	-0.95	-161.02	1.00
224.609375	-1.29	-160.48	1.00
226.562500	-1.43	-160.62	1.00
228.515625	-1.57	-160.10	1.00
230.468750	-1.74	-159.29	1.00
232.421875	-1.67	-156.97	1.00
234.375000	-1.69	-156.98	1.00
236.328125	-1.77	-158.35	1.00
238.281250	-1.91	-158.67	1.00
240.234375	-2.21	-158.81	1.00
242.187500	-2.54	-158.75	1.00
244.140625	-3.23	-154.88	1.00
246.093750	-3.72	-151.25	1.00
248.046875	-2.97	-152.32	1.00
250.000000	-2.91	-146.04	1.00
251.953125	-2.85	-143.77	1.00
253.906250	-2.37	-139.73	1.00
255.859375	-2.20	-138.79	1.00
257.812500	-1.97	-137.57	1.00
259.765625	-1.19	-136.21	1.00
261.718750	-0.92	-136.68	1.00
263.671875	-0.60	-137.72	1.00
265.625000	-0.28	-138.43	1.00
267.578125	0.27	-140.12	1.00
269.531250	0.59	-142.15	1.00
271.484375	0.72	-142.48	1.00
273.437500	0.71	-143.38	1.00
275.390625	0.50	-145.15	1.00
277.343750	1.65	-144.07	1.00
281.250000	4.98	-135.21	1.00
285.156250	3.16	-157.78	1.00
289.062500	2.50	-169.92	0.98
292.968750	1.17	-179.46	1.00
296.875000	1.61	-179.83	0.99
300.781250	-0.95	-174.76	1.00
304.687500	-0.98	-174.59	1.00
308.593750	-1.28	-176.69	1.00
312.500000	-1.98	-177.73	1.00
316.406250	-2.05	-174.43	1.00
320.312500	-2.99	-170.16	1.00
324.218750	-2.87	-173.61	1.00
328.125000	-3.32	-165.30	1.00
332.031250	-3.40	-164.51	1.00
335.937500	-3.36	-160.72	1.00
339.843750	-2.94	-155.21	1.00
343.750000	-2.24	-153.32	1.00
347.656250	-2.77	-157.13	1.00
351.562500	-1.80	-157.02	1.00
355.468750	-2.08	-161.80	1.00
359.375000	-2.22	-161.53	1.00
363.281250	-1.98	-162.04	1.00
367.187500	-2.04	-155.59	1.00
371.093750	-2.10	-154.29	1.00
375.000000	-1.89	-153.54	1.00
378.906250	-2.00	-152.10	1.00
382.812500	-1.66	-150.16	1.00
386.718750	-0.92	-150.57	1.00
390.625000	-1.02	-154.89	1.00
394.531250	-0.75	-155.58	1.00
398.437500	-0.64	-157.20	1.00
402.343750	-1.44	-153.92	1.00
406.250000	-1.41	-151.28	1.00
410.156250	0.42	-146.27	0.99
414.062500	1.34	-152.49	0.99
417.968750	0.01	-160.86	1.00
421.875000	0.05	-161.93	1.00
425.781250	-0.22	-167.71	1.00
429.687500	-0.60	-167.96	1.00
433.593750	-1.00	-166.74	1.00
437.500000	-1.24	-164.51	1.00
441.406250	-1.28	-162.46	1.00
445.312500	-1.12	-161.74	1.00
449.218750	-1.07	-161.52	1.00
453.125000	-0.99	-161.27	1.00
457.031250	-0.80	-162.03	1.00
460.937500	-0.92	-162.00	1.00
464.843750	-0.84	-163.75	1.00
468.750000	-1.03	-163.72	1.00
472.656250	-1.44	-161.49	1.00
476.562500	-2.78	-161.20	1.00
480.468750	-0.24	-161.62	1.00
484.375000	0.17	-163.32	1.00
488.281250	-0.08	-167.96	1.00
492.187500	-0.82	-169.82	1.00
496.093750	-1.22	-170.33	1.00
500.000000	-1.54	-169.32	1.00
503.906250	-1.51	-168.17	1.00
507.812500	-1.62	-166.66	1.00
511.718750	-1.61	-166.55	1.00
515.625000	-1.70	-166.80	1.00
519.531250	-2.04	-166.16	1.00
523.437500	-1.96	-165.41	1.00
527.343750	-1.75	-162.53	1.00
531.250000	-1.22	-161.60	1.00
535.156250	-1.08	-165.19	1.00
539.062500	-1.97	-171.73	1.00
542.968750	-2.33	-173.22	1.00
546.875000	-2.71	-170.60	1.00
550.781250	-3.41	-162.76	1.00
554.687500	-4.75	-164.62	1.00
560.000000	-2.63	-156.93	1.00
568.000000	-1.98	-156.27	1.00
576.000000	-2.47	-155.21	1.00
584.000000	-0.49	-151.63	0.99
592.000000	0.02	-150.27	0.99
600.000000	0.34	-161.82	1.00
608.000000	0.30	-169.60	1.00
616.000000	-0.39	-162.13	1.00
624.000000	-1.05	-172.75	1.00
632.000000	-1.80	-172.02	1.00
640.000000	-2.96	-166.53	1.00
648.000000	-1.80	-160.48	0.99
656.000000	-0.76	-154.80	1.00
664.000000	-1.29	-158.88	1.00
672.000000	-1.17	-160.73	1.00
680.000000	-0.94	-166.59	1.00
688.000000	-1.40	-166.31	1.00
696.000000	-1.45	-164.06	1.00
704.000000	-1.05	-162.81	1.00
712.000000	-0.82	-162.04	1.00
720.000000	-0.99	-166.02	1.00
728.000000	-0.98	-167.59	1.00
736.000000	-1.40	-165.42	1.00
744.000000	-1.95	-162.96	1.00
752.000000	-2.08	-162.99	1.00
760.000000	-2.03	-158.11	1.00
768.000000	-1.22	-155.30	1.00
776.000000	-1.29	-154.74	1.00
784.000000	-1.06	-154.21	1.00
792.000000	-0.77	-152.57	1.00
800.000000	0.08	-154.32	1.00
808.000000	0.95	-157.75	1.00
816.000000	0.84	-161.69	1.00
824.000000	0.40	-165.58	1.00
832.000000	-0.34	-166.81	1.00
840.000000	-0.29	-168.99	1.00
848.000000	-0.82	-166.65	1.00
856.000000	-0.90	-164.71	1.00
864.000000	-1.13	-163.89	1.00
872.000000	-1.07	-162.49	1.00
880.000000	-1.16	-161.48	1.00
888.000000	-1.35	-161.10	1.00
896.000000	-2.59	-161.86	1.00
904.000000	-0.81	-155.49	1.00
912.000000	-0.50	-155.28	1.00
920.000000	-0.24	-155.16	1.00
928.000000	-0.13	-155.28	1.00
936.000000	0.22	-152.16	1.00
944.000000	1.15	-159.92	1.00
952.000000	0.80	-164.62	1.00
960.000000	0.33	-166.74	1.00
968.000000	0.09	-165.07	1.00
976.000000	-0.14	-160.76	1.00
984.000000	-0.28	-164.35	1.00
992.000000	-0.36	-164.10	1.00
1000.000000	-0.49	-162.70	1.00
1008.000000	-0.47	-161.43	1.00
1016.000000	-0.27	-159.80	1.00
1024.000000	-0.17	-160.07	1.00
1032.000000	-0.04	-161.41	1.00
1040.000000	0.04	-159.11	1.00
1048.000000	0.33	-158.13	1.00
1056.000000	0.56	-159.65	1.00
1064.000000	0.57	-159.77	1.00
1072.000000	0.86	-158.52	1.00
1080.000000	2.04	-159.43	1.00
1088.000000	1.92	-161.50	0.99
1096.000000	1.48	-174.45	0.99
1104.000000	0.53	179.83	1.00
1112.000000	-0.44	-175.79	1.00
1120.000000	-0.72	-171.01	1.00
1128.000000	-0.27	-171.47	1.00
1136.000000	-0.40	-173.43	1.00
1144.000000	-0.63	-176.27	1.00
1152.000000	-1.09	-170.61	1.00
1160.000000	-1.16	-166.50	1.00
1168.000000	-0.89	-163.63	1.00
1176.000000	-0.75	-162.28	1.00
1184.000000	-0.51	-161.97	1.00
1192.000000	-0.22	-162.51	1.00
1200.000000	-0.11	-163.60	1.00
1208.000000	-0.28	-164.54	1.00
1216.000000	-0.34	-164.56	1.00
1224.000000	-0.34	-163.37	1.00
1232.000000	-0.28	-163.01	1.00
1240.000000	-0.04	-163.09	1.00
1248.000000	0.05	-163.24	1.00
1256.000000	-0.04	-162.48	1.00
1264.000000	-0.11	-162.38	1.00
1272.000000	-0.06	-162.11	1.00
1280.000000	0.02	-162.37	1.00
1288.000000	0.00	-162.22	1.00
1296.000000	0.15	-161.04	1.00
1304.000000	0.11	-161.14	1.00
1312.000000	0.16	-162.80	1.00
1320.000000	0.40	-164.07	1.00
1328.000000	0.33	-164.95	1.00
1336.000000	0.23	-165.48	1.00
1344.000000	-0.01	-165.08	1.00
1352.000000	-0.24	-164.09	1.00
1360.000000	-0.40	-162.74	1.00
1368.000000	-0.26	-161.14	1.00
1376.000000	-0.16	-160.21	1.00
1384.000000	-0.16	-159.00	1.00
1392.000000	-0.11	-156.36	1.00
1400.000000	0.14	-154.17	1.00
1408.000000	0.60	-152.79	1.00
1416.000000	1.15	-152.43	1.00
1424.000000	1.82	-151.89	1.00
1432.000000	2.37	-152.49	1.00
1440.000000	3.05	-155.91	1.00
1448.000000	4.19	-167.42	0.99
1456.000000	4.38	-179.72	0.97
1464.000000	2.42	176.56	0.96
1472.000000	1.05	171.12	1.00
1480.000000	0.03	174.28	1.00
1488.000000	-0.78	-179.67	1.00
1496.000000	-0.84	-173.43	1.00
1504.000000	-1.23	-169.28	1.00
1512.000000	-1.11	-164.46	1.00
1520.000000	-0.47	-159.87	1.00
1528.000000	0.05	-158.87	1.00
1536.000000	0.44	-159.61	1.00
1544.000000	0.84	-160.74	1.00
1552.000000	1.09	-161.14	1.00
1560.000000	1.27	-161.77	1.00
1568.000000	1.41	-162.59	1.00
1576.000000	1.41	-163.99	1.00
1584.000000	1.39	-163.53	1.00
1592.000000	1.68	-162.77	1.00
1600.000000	2.23	-163.13	1.00
1608.000000	2.67	-167.20	0.99
1616.000000	2.37	-171.11	1.00
1624.000000	2.04	-173.01	1.00
1632.000000	1.61	-174.94	1.00
1640.000000	1.02	-175.20	1.00
1648.000000	0.60	-173.23	1.00
1656.000000	0.45	-171.12	1.00
1664.000000	0.53	-168.69	1.00
1672.000000	0.64	-166.44	1.00
1680.000000	0.77	-165.44	1.00
1688.000000	1.09	-164.41	1.00
1696.000000	1.67	-165.11	1.00
1704.000000	1.90	-164.61	1.00
1712.000000	1.93	-165.97	1.00
1720.000000	1.79	-167.83	1.00
1728.000000	1.66	-168.07	1.00
1736.000000	1.61	-166.58	1.00
1744.000000	1.49	-165.29	1.00
1752.000000	1.62	-165.05	1.00
1760.000000	1.72	-164.41	1.00
1768.000000	1.81	-163.93	1.00
1776.000000	2.02	-164.54	1.00
1784.000000	2.38	-167.11	1.00
1792.000000	2.84	-168.91	1.00
1800.000000	2.93	-177.09	0.98
1808.000000	2.81	179.96	1.00
1816.000000	1.97	-179.02	1.00
1824.000000	1.42	-179.31	1.00
1832.000000	1.12	-177.89	1.00
1840.000000	0.97	-176.41	1.00
1848.000000	0.68	-174.97	1.00
1856.000000	0.17	-174.31	1.00
1866.665649	2.52	-165.41	0.99
1893.332275	3.11	-178.19	0.99
1919.998901	2.68	-167.70	1.00
1946.665527	2.62	-172.76	1.00
1973.332153	2.54	-175.95	1.00
1999.998779	2.57	-174.72	1.00
2026.665405	1.99	-172.45	1.00
2053.332031	2.58	-165.73	1.00
2079.998779	4.53	-176.10	0.98
2106.665527	2.97	175.58	0.99
2133.332275	1.45	-173.89	0.98
2159.999023	1.51	-171.24	0.99
2186.665771	3.07	-173.99	0.97
2213.332520	4.73	-178.51	0.99
2239.999268	3.16	173.34	1.00
2266.666016	1.82	176.15	0.98
2293.332764	2.46	179.17	1.00
2319.999512	2.54	-175.88	0.99
2346.666260	3.50	-173.71	1.00
2373.333008	4.18	176.88	0.99
2399.999756	4.56	178.82	0.99
2426.666504	3.69	156.46	1.00
2453.333252	3.20	155.42	1.00
2480.000000	0.86	173.38	0.99
2506.666748	0.50	172.17	0.97
2533.333496	5.56	168.22	0.97
2560.000244	4.28	162.50	1.00
2586.666992	2.44	150.71	0.99
2613.333740	0.89	158.94	0.99
2640.000488	2.30	172.66	0.99
2666.667236	1.87	165.64	0.99
2693.333984	4.52	-171.16	0.98
2720.000732	4.85	-177.46	0.99
2746.667480	6.57	162.71	0.99
2773.334229	2.04	148.52	0.99
2800.000977	1.12	174.32	0.99
2826.667725	1.82	174.97	1.00
2853.334473	3.76	171.26	0.99
2880.001221	3.81	176.85	1.00
2906.667969	4.78	169.62	0.97
2933.334717	4.90	152.78	0.97
2960.001465	2.95	129.67	0.94
2986.668213	1.95	157.01	1.00
3013.334961	3.46	157.41	0.98
3040.001709	5.59	172.35	1.00
3066.668457	5.48	-171.67	0.99
3093.335205	8.11	-175.77	0.98
3120.001953	6.69	147.69	0.94
3146.668701	2.74	150.95	0.99
3173.335449	3.17	171.30	0.98
3200.002197	5.56	176.48	0.99
3226.668945	6.75	166.60	0.99
3253.335693	6.89	151.03	1.00
3280.002441	5.91	144.41	1.00
3306.669189	5.52	154.68	0.99
3333.335938	2.70	151.55	1.00
3360.002686	3.03	157.30	0.99
3386.669434	4.94	163.77	0.99
3413.336182	7.72	166.05	0.97
3440.002930	6.14	142.00	0.97
3466.669678	4.92	131.37	0.99
3493.336426	5.05	133.52	0.97
3520.003174	4.47	156.32	0.94
3546.669922	5.49	151.11	0.99
3573.336670	7.61	122.90	0.65
3600.003418	8.96	103.68	0.93
3626.670166	6.43	118.62	0.99
3653.336914	3.98	128.46	0.95
3680.003662	3.51	140.08	0.96
3706.670410	4.95	156.35	0.99
3733.337158	6.34	163.86	0.97
3760.003906	6.71	148.67	0.90
3786.670654	3.85	128.54	0.98
3813.337402	3.25	125.99	1.00
3840.004150	3.70	132.96	1.00
3866.670898	4.50	143.97	1.00
3893.337646	5.73	142.74	1.00
3920.004395	6.31	137.33	1.00
3946.671143	6.16	126.89	1.00
3973.337891	6.11	121.63	1.00
4000.004639	5.03	128.74	0.99
4026.671387	3.82	137.50	1.00
4053.338135	3.27	152.58	0.98
4080.004883	6.60	168.77	0.84
4106.671387	6.28	109.77	0.97
4133.337891	5.13	114.26	0.99
4160.004395	4.29	120.36	0.99
4186.670898	4.35	127.32	0.96
4213.337402	4.65	125.25	0.98
4240.003906	4.23	116.88	0.98
4266.670410	5.25	100.98	0.96
4293.336914	4.27	112.65	0.94
4320.003418	5.15	115.27	0.98
4346.669922	5.06	109.56	1.00
4373.336426	4.62	106.76	0.99
4400.002930	4.90	101.31	0.97
4426.669434	3.88	105.63	1.00
4453.335938	3.55	105.27	1.00
4480.002441	3.09	108.74	1.00
4506.668945	2.84	108.89	1.00
4533.335449	2.23	113.22	0.99
4560.001953	2.53	116.05	1.00
4586.668457	3.72	117.47	0.99
4613.334961	3.94	115.73	0.98
4640.001465	3.64	110.94	1.00
4666.667969	3.11	112.41	1.00
4693.334473	2.76	119.78	1.00
4720.000977	3.24	121.30	1.00
4746.667480	3.62	119.24	1.00
4773.333984	3.85	118.82	1.00
4800.000488	4.08	116.84	1.00
4826.666992	4.68	107.83	0.98
4853.333496	3.99	108.99	0.99
4880.000000	4.24	117.11	0.99
4906.666504	4.75	117.18	1.00
4933.333008	5.15	117.02	1.00
4959.999512	4.71	117.38	0.99
4986.666016	4.71	111.15	1.00
5013.332520	4.76	109.33	1.00
5039.999023	5.08	109.14	1.00
5066.665527	5.24	109.28	1.00
5093.332031	5.71	105.85	0.98
5119.998535	4.94	106.37	0.99
5146.665039	4.73	100.60	1.00
5173.331543	4.75	97.78	1.00
5199.998047	4.66	95.38	1.00
5226.664551	4.49	93.87	1.00
5253.331055	4.25	93.46	1.00
5279.997559	4.14	92.36	1.00
5306.664063	3.39	93.83	1.00
5333.330566	3.28	96.57	1.00
5359.997070	3.50	96.20	1.00
5386.663574	3.74	92.23	1.00
5413.330078	3.62	92.48	1.00
5439.996582	3.57	92.97	1.00
5466.663086	3.27	91.45	1.00
5493.329590	3.06	91.51	1.00
5519.996094	3.20	92.25	0.99
5546.662598	3.80	93.29	1.00
5573.329102	4.00	91.40	1.00
5599.995605	3.50	89.66	1.00
5626.662109	2.29	88.29	0.97
5653.328613	2.08	88.42	1.00
5679.995117	2.71	88.80	0.98
5706.661621	4.18	91.11	0.99
5733.328125	3.75	86.45	0.99
5759.994629	2.95	84.46	1.00
5786.661133	2.70	84.69	1.00
5813.327637	2.55	87.74	1.00
5839.994141	3.31	91.07	0.98
5866.660645	4.15	91.97	0.99
5893.327148	4.63	90.64	1.00
5919.993652	3.96	88.14	1.00
5946.660156	3.62	85.99	0.99
5973.326660	3.67	85.64	0.99
5999.993164	3.77	85.20	1.00
6026.659668	4.09	83.98	1.00
6053.326172	4.51	82.48	1.00
6079.992676	4.34	80.99	1.00
6106.659180	3.53	78.68	1.00
6133.325684	3.44	79.70	1.00
6159.992188	3.71	80.85	1.00
6186.658691	4.26	81.52	1.00
6213.325195	4.49	80.08	1.00
6239.991699	4.08	71.77	0.97
6266.658203	3.85	68.51	1.00
6293.324707	3.69	66.04	1.00
6319.991211	3.39	65.16	0.99
6346.657715	3.56	64.80	1.00
6373.324219	3.75	64.12	1.00
6399.990723	3.55	61.58	1.00
6426.657227	3.25	60.72	1.00
6453.323730	2.90	60.10	1.00
6479.990234	2.95	61.16	1.00
6506.656738	2.97	61.44	1.00
6533.323242	3.02	59.33	1.00
6559.989746	2.97	55.64	1.00
6586.656250	2.56	52.92	1.00
6613.322754	2.08	52.12	1.00
6639.989258	1.62	52.07	1.00
6666.655762	1.47	52.81	1.00
6693.322266	1.50	52.47	1.00
6719.988770	1.68	50.72	1.00
6746.655273	2.04	48.13	0.99
6773.321777	1.41	47.28	0.97
6799.988281	-0.04	50.15	0.98
6826.654785	-0.03	49.46	0.96
6853.321289	0.11	50.15	0.99
6879.987793	-0.07	49.25	0.99
6906.654297	-0.41	48.19	1.00
6933.320801	-0.86	48.28	1.00
6959.987305	-1.34	48.61	1.00
6986.653809	-1.77	49.37	1.00
7013.320313	-1.93	49.70	0.99
7039.986816	-1.82	51.69	0.99
7066.653320	-1.98	52.04	1.00
7093.319824	-2.60	53.44	0.99
7119.986328	-3.32	58.29	1.00
7146.652832	-3.42	64.63	1.00
7173.319336	-3.01	68.25	1.00
7199.985840	-2.76	69.13	0.99
7226.652344	-2.57	70.88	0.99
7253.318848	-2.13	72.18	0.99
7279.985352	-1.60	71.44	1.00
7306.651855	-1.37	70.11	1.00
7333.318359	-1.35	69.05	1.00
7359.984863	-1.23	68.25	1.00
7386.651367	-0.94	65.49	1.00
7413.317871	-0.80	62.06	1.00
7439.984375	-1.08	60.19	1.00
7466.650879	-1.61	60.46	0.99
7493.317383	-1.75	61.03	0.99
7519.983887	-1.34	61.02	1.00
7546.650391	-1.39	60.62	1.00
7573.316895	-1.64	59.90	0.99
7599.983398	-1.83	61.87	0.99
7626.649902	-2.11	61.95	1.00
7653.316406	-2.69	60.90	1.00
7679.982910	-3.38	62.18	1.00
7706.649414	-3.89	65.37	0.99
7733.315918	-2.93	67.31	1.00
7759.982422	-3.01	72.64	0.98
7786.648926	-3.59	73.55	1.00
7813.315430	-3.67	75.62	0.99
7839.981934	-3.17	78.16	1.00
7866.648438	-2.73	79.90	1.00
7893.314941	-2.37	80.81	1.00
7919.981445	-1.93	81.94	1.00
7946.647949	-1.43	81.27	0.99
7973.314453	-1.44	79.48	1.00
7999.980957	-1.47	79.67	1.00
8026.647461	-1.06	80.96	1.00
8053.313965	-0.24	82.18	1.00
8079.980469	0.29	81.09	1.00
8106.646973	0.48	79.53	1.00
8133.313477	0.53	79.20	1.00
8159.979980	0.65	80.42	0.98
8186.646484	0.79	82.21	0.99
8213.313477	1.33	79.91	1.00
8239.980469	1.64	77.74	1.00
8266.647461	1.71	75.53	1.00
8293.314453	1.59	75.02	1.00
8319.981445	1.32	76.34	1.00
8346.648438	1.33	77.23	1.00
8373.315430	1.69	75.84	0.98
8399.982422	2.45	73.44	1.00
8426.649414	2.66	71.80	1.00
8453.316406	2.82	71.11	1.00
8479.983398	3.02	70.86	1.00
8506.650391	3.23	71.01	1.00
8533.317383	3.59	70.07	1.00
8559.984375	3.97	67.75	1.00
8586.651367	3.98	64.49	1.00
8613.318359	3.70	61.98	0.99
8639.985352	3.54	61.80	0.99
8666.652344	3.85	62.89	1.00
8693.319336	4.36	61.43	1.00
8719.986328	4.47	59.60	1.00
8746.653320	4.52	57.55	1.00
8773.320313	4.53	54.90	1.00
8799.987305	4.46	53.62	1.00
8826.654297	4.48	53.41	1.00
8853.321289	4.53	53.58	1.00
8879.988281	4.57	52.45	1.00
8906.655273	4.56	49.67	1.00
8933.322266	4.39	47.63	1.00
8959.989258	4.46	46.10	0.99
8986.656250	4.77	46.13	1.00
9013.323242	5.38	46.82	0.99
9039.990234	5.72	48.07	0.99
9066.657227	5.53	42.07	1.00
9093.324219	5.39	38.43	1.00
9119.991211	5.28	35.45	1.00
9146.658203	5.25	33.12	1.00
9173.325195	4.99	32.09	1.00
9199.992188	5.11	29.93	0.97
9226.659180	5.55	26.80	0.99
9253.326172	5.47	24.06	1.00
9279.993164	5.01	23.03	0.99
9306.660156	4.75	23.19	0.98
9333.327148	4.94	23.60	1.00
9359.994141	4.96	21.81	1.00
9386.661133	4.97	17.86	1.00
9413.328125	4.85	14.13	1.00
9439.995117	4.80	11.96	1.00
9466.662109	4.74	10.66	0.99
9493.329102	4.75	9.68	1.00
9519.996094	4.97	7.27	1.00
9546.663086	5.19	3.32	1.00
9573.330078	5.03	-0.86	0.99
9600.000977	4.90	-7.64	0.98
9733.333984	4.48	-14.28	0.97
9866.666992	3.13	-9.10	0.99
10000.000000	1.02	-14.22	0.99
10133.333008	-0.08	-13.05	1.00
10266.666016	-0.05	-14.34	1.00
10399.999023	0.39	-16.83	1.00
10533.332031	0.13	-28.78	0.99
10666.665039	-2.30	-29.59	1.00
10799.998047	-3.03	-26.74	1.00
10933.331055	-4.30	-34.92	1.00
11066.664063	-4.04	-29.50	0.99
11199.997070	-5.24	-34.10	1.00
11333.330078	-5.76	-29.04	1.00
11466.663086	-6.81	-35.20	1.00
11599.996094	-7.56	-28.96	1.00
11733.329102	-8.46	-24.11	1.00
11866.662109	-8.32	-23.04	0.99
11999.995117	-6.88	-10.41	1.00
12133.328125	-7.99	-13.01	1.00
12266.661133	-8.00	-26.31	0.99
12399.994141	-8.30	-22.02	0.98
12533.327148	-8.59	-19.86	0.99
12666.660156	-6.77	-26.37	0.99
12799.993164	-7.21	-21.61	0.97
12933.326172	-7.07	-26.80	0.99
13066.659180	-7.27	-24.17	1.00
13199.992188	-8.12	-29.04	0.99
13333.325195	-7.94	-35.41	1.00
13466.658203	-8.24	-31.84	1.00
13599.991211	-8.14	-29.61	1.00
13733.324219	-6.96	-29.68	1.00
13866.657227	-6.30	-30.82	1.00
13999.990234	-6.67	-39.75	1.00
14133.323242	-7.00	-44.77	1.00
14266.656250	-7.60	-51.23	1.00
14399.989258	-7.12	-57.81	1.00
14533.322266	-7.99	-62.20	0.99
14666.655273	-8.20	-61.34	1.00
14799.988281	-8.22	-65.82	1.00
14933.321289	-10.30	-72.03	0.99
15066.654297	-9.78	-70.27	0.98
15199.987305	-9.88	-76.17	0.98
15333.320313	-11.87	-71.41	1.00
15466.653320	-12.64	-64.08	1.00
15599.986328	-11.92	-60.46	1.00
15733.319336	-11.43	-58.49	1.00
15866.652344	-11.11	-61.04	0.99
15999.985352	-11.47	-75.26	0.99
16133.318359	-10.02	-79.12	1.00
16266.651367	-10.32	-81.46	1.00
16399.984375	-11.39	-84.70	1.00
16533.318359	-11.73	-80.93	1.00
16666.652344	-13.14	-87.15	0.98
16799.986328	-10.62	-103.68	0.99
16933.320313	-10.39	-108.92	1.00
17066.654297	-10.97	-118.75	0.99
17199.988281	-12.50	-124.71	1.00
17333.322266	-14.64	-128.73	0.99
17466.656250	-16.14	-132.38	1.00
17599.990234	-16.71	-128.73	0.99
17733.324219	-17.07	-135.60	1.00
17866.658203	-17.16	-131.66	1.00
17999.992188	-17.79	-134.73	1.00
18133.326172	-18.77	-131.72	0.99
18266.660156	-19.06	-132.02	0.98
18399.994141	-19.30	-142.72	1.00
18533.328125	-20.01	-147.52	0.99
18666.662109	-20.82	-155.82	1.00
18799.996094	-21.75	-156.61	1.00
18933.330078	-22.54	-163.28	0.99
19066.664063	-23.73	-164.47	1.00
19199.998047	-24.05	-165.60	1.00
19333.332031	-24.26	-165.31	0.99
19466.666016	-24.70	-171.77	0.99
19600.000000	-24.86	-174.26	0.99
19733.333984	-26.28	177.24	0.99
19866.667969	-26.25	168.27	0.99
20000.001953	-25.40	163.82	0.99
