	30° s filtrar		
Frequency (Hz)	Level (dB)

11.139739	37.44
11.301211	37.58
11.465025	37.72
11.631213	37.85
11.799810	37.97
11.970850	38.10
12.144370	38.21
12.320405	38.32
12.498992	38.42
12.680168	38.52
12.863969	38.62
13.050435	38.71
13.239604	38.79
13.431515	38.87
13.626208	38.95
13.823722	39.02
14.024100	39.10
14.227382	39.17
14.433611	39.24
14.642829	39.30
14.855080	39.37
15.070408	39.44
15.288856	39.50
15.510471	39.56
15.735299	39.62
15.963385	39.67
16.194778	39.72
16.429525	39.75
16.667674	39.78
16.909275	39.79
17.154379	39.79
17.403035	39.76
17.655296	39.73
17.911213	39.67
18.170840	39.57
18.434230	39.46
18.701438	39.33
18.972519	39.18
19.247530	38.99
19.526527	38.81
19.809568	38.61
20.096712	38.41
20.388018	38.22
20.683546	38.05
20.983358	37.90
21.287517	37.78
21.596084	37.69
21.909123	37.63
22.226701	37.59
22.548881	37.57
22.875732	37.54
23.207320	37.51
23.543715	37.46
23.884986	37.39
24.231204	37.28
24.582441	37.15
24.938768	36.98
25.300261	36.76
25.666993	36.51
26.039042	36.23
26.416483	35.89
26.799396	35.52
27.187858	35.07
27.581952	34.59
27.981758	34.04
28.387360	33.43
28.798840	32.79
29.216286	32.09
29.639782	31.40
30.069416	30.75
30.505279	30.16
30.947459	29.65
31.396049	29.21
31.851141	28.82
32.312830	28.44
32.781212	28.05
33.256382	27.61
33.738440	27.11
34.227486	26.58
34.723620	26.02
35.226947	25.47
35.737568	24.97
36.255592	24.54
36.781124	24.18
37.314274	23.88
37.855152	23.63
38.403871	23.38
38.960543	23.14
39.525284	22.91
40.098211	22.71
40.679443	22.57
41.269100	22.55
41.867304	22.79
42.474180	23.47
43.089852	24.67
43.714448	26.26
44.348098	27.96
44.990933	29.52
45.643086	30.84
46.304692	31.86
46.975888	32.60
47.656813	33.10
48.347609	33.38
49.048418	33.45
49.759385	33.28
50.480657	32.89
51.212385	32.32
51.954719	31.65
52.707813	31.13
53.471824	31.54
54.246909	33.62
55.033230	36.62
55.830948	39.59
56.640229	42.26
57.461241	44.71
58.294153	46.92
59.139139	48.91
59.996373	50.58
60.866033	51.94
61.748299	52.98
62.643354	53.80
63.551382	54.49
64.472573	55.13
65.407116	55.76
66.355206	56.39
67.317038	57.01
68.292813	57.61
69.282731	58.08
70.286999	58.28
71.305824	58.16
72.339416	57.74
73.387991	57.18
74.451765	56.64
75.530959	56.21
76.625796	55.90
77.736503	55.73
78.863310	55.69
80.006450	55.79
81.166160	55.98
82.342680	56.23
83.536255	56.53
84.747130	56.89
85.975557	57.32
87.221791	57.75
88.486089	58.13
89.768713	58.41
91.069929	58.58
92.390007	58.69
93.729219	58.86
95.087844	59.21
96.466162	59.74
97.864459	60.36
99.283025	60.89
100.722153	61.19
102.182141	61.30
103.663293	61.37
105.165914	61.50
106.690316	61.73
108.236814	62.11
109.805729	62.65
111.397386	63.18
113.012114	63.58
114.650248	63.73
116.312128	63.60
117.998096	63.32
119.708503	63.07
121.443703	62.98
123.204054	63.03
124.989923	63.08
126.801678	63.08
128.639694	63.04
130.504354	62.98
132.396041	62.91
134.315150	62.80
136.262076	62.63
138.237223	62.46
140.241000	62.27
142.273823	61.87
144.336111	61.45
146.428293	61.26
148.550802	61.18
150.704076	61.12
152.888563	60.78
155.104715	59.80
157.352990	58.56
159.633854	57.25
161.947780	56.23
164.295247	56.09
166.676741	56.62
169.092755	57.34
171.543790	58.00
174.030353	58.57
176.552959	59.34
179.112131	60.09
181.708398	60.04
184.342299	59.22
187.014379	57.26
189.725192	54.36
192.475298	53.13
195.265267	54.06
198.095678	54.96
200.967116	55.51
203.880176	55.81
206.835462	56.14
209.833585	56.40
212.875166	56.57
215.960836	55.87
219.091233	54.80
222.267006	54.94
225.488813	55.90
228.757320	56.76
232.073205	56.91
235.437154	56.43
238.849865	55.29
242.312043	54.12
245.824407	53.16
249.387683	53.06
253.002609	53.24
256.669935	53.51
260.390419	53.56
264.164832	53.09
267.993956	52.82
271.878584	51.88
275.819521	50.65
279.817582	49.03
283.873596	47.27
287.988403	47.31
292.162855	48.38
296.397817	50.84
300.694165	53.17
305.052789	53.90
309.474593	53.56
313.960491	54.28
318.511414	55.25
323.128303	54.89
327.812115	54.53
332.563820	54.85
337.384402	54.70
342.274859	54.74
347.236204	54.10
352.269465	55.15
357.375684	55.10
362.555919	55.53
367.811243	55.54
373.142743	54.43
378.551525	53.95
384.038708	53.75
389.605429	53.69
395.252841	53.63
400.982113	51.76
406.794432	49.01
412.691002	47.37
418.673044	46.72
424.741797	50.07
430.898518	53.37
437.144481	53.79
443.480981	52.36
449.909331	50.94
456.430860	51.36
463.046920	52.00
469.758882	51.23
476.568134	49.66
483.476089	49.63
490.484175	51.29
497.593845	51.06
504.806572	50.57
512.123848	51.85
519.547190	51.82
527.078134	51.62
534.718242	49.26
542.469094	50.10
550.332296	52.41
558.309477	52.33
566.402289	52.45
574.612408	52.33
582.941535	51.28
591.391394	50.81
599.963735	49.48
608.660334	49.30
617.482992	48.93
626.433537	47.01
635.513821	48.20
644.725726	49.10
654.071160	51.54
663.552057	54.11
673.170382	57.08
682.928127	59.17
692.827312	59.30
702.869989	57.56
713.058235	55.57
723.394163	55.81
733.879912	55.49
744.517654	53.92
755.309592	51.89
766.257962	52.04
777.365030	51.55
788.633098	51.55
800.064499	52.03
811.661600	52.29
823.426804	53.91
835.362547	52.74
847.471301	53.37
859.755574	51.73
872.217910	48.48
884.860890	46.98
897.687132	45.26
910.699294	48.68
923.900070	50.41
937.292194	50.65
950.878439	48.67
964.661620	46.62
978.644591	47.39
992.830248	47.61
1007.221529	46.48
1021.821414	44.40
1036.632928	46.97
1051.659138	48.70
1066.903156	47.00
1082.368140	51.72
1098.057291	48.87
1113.973860	46.02
1130.121143	47.25
1146.502484	46.74
1163.121276	45.26
1179.980961	48.56
1197.085030	54.85
1214.437027	57.96
1232.040544	56.26
1249.899229	52.19
1268.016778	51.92
1286.396945	53.20
1305.043536	55.22
1323.960414	54.38
1343.151496	52.84
1362.620756	53.11
1382.372227	52.62
1402.410000	51.24
1422.738225	50.65
1443.361112	49.54
1464.282931	49.89
1485.508017	49.44
1507.040765	48.42
1528.885634	49.98
1551.047150	52.15
1573.529901	49.38
1596.338544	49.64
1619.477804	48.72
1642.952471	47.36
1666.767409	48.75
1690.927550	49.04
1715.437896	48.68
1740.303526	49.47
1765.529587	51.67
1791.121306	52.96
1817.083982	49.69
1843.422992	50.52
1870.143792	50.45
1897.251916	49.11
1924.752977	47.63
1952.652672	49.80
1980.956779	48.91
2009.671159	49.11
2038.801761	48.59
2068.354617	49.72
2098.335847	47.47
2128.751662	47.42
2159.608360	47.95
2190.912333	48.31
2222.670063	47.20
2254.888128	45.12
2287.573200	44.66
2320.732050	47.67
2354.371544	45.38
2388.498649	46.85
2423.120434	45.85
2458.244069	45.11
2493.876828	46.78
2530.026092	46.44
2566.699346	45.04
2603.904187	44.75
2641.648320	44.87
2679.939562	43.67
2718.785844	44.89
2758.195211	44.11
2798.175824	44.28
2838.735965	41.99
2879.884033	45.70
2921.628551	44.39
2963.978165	43.74
3006.941645	44.21
3050.527890	43.12
3094.745927	44.33
3139.604913	44.33
3185.114139	43.37
3231.283032	43.27
3278.121151	41.46
3325.638200	43.13
3373.844017	40.74
3422.748588	41.63
3472.362041	41.94
3522.694651	40.87
3573.756843	41.95
3625.559192	39.73
3678.112427	40.92
3731.427432	41.31
3785.515249	40.52
3840.387080	39.71
3896.054290	38.29
3952.528408	39.12
4009.821129	38.78
4067.944321	39.05
4126.910020	37.93
4186.730440	38.97
4247.417969	38.37
4308.985176	37.40
4371.444813	37.49
4434.809815	36.44
4499.093306	35.84
4564.308599	35.32
4630.469202	37.33
4697.588817	35.91
4765.681344	35.76
4834.760887	34.94
4904.841752	34.73
4975.938453	34.57
5048.065717	33.25
5121.238480	32.62
5195.471897	32.82
5270.781343	32.30
5347.182415	32.67
5424.690937	32.08
5503.322961	30.67
5583.094772	29.69
5664.022893	28.34
5746.124083	27.38
5829.415347	27.82
5913.913936	29.94
5999.637349	30.51
6086.603340	31.80
6174.829922	28.97
6264.335367	28.51
6355.138211	22.63
6447.257262	28.88
6540.711597	29.63
6635.520573	31.88
6731.703824	30.96
6829.281272	30.96
6928.273125	30.82
7028.699885	30.66
7130.582353	30.75
7233.941627	29.91
7338.799116	29.27
7445.176537	31.30
7553.095920	31.16
7662.579617	33.19
7773.650302	33.80
7886.330981	32.98
8000.644989	33.98
8116.616003	33.69
8234.268041	32.65
8353.625470	29.94
8474.713009	27.26
8597.555737	23.05
8722.179097	21.78
8848.608897	22.66
8976.871324	23.74
9106.992942	23.66
9239.000700	24.63
9372.921937	26.17
9508.784391	27.75
9646.616199	27.29
9786.445908	28.60
9928.302478	29.39
10072.215288	29.51
10218.214144	27.81
10366.329284	24.73
10516.591384	23.86
10669.031565	25.40
10823.681397	25.35
10980.572911	26.96
11139.738600	27.55
11301.211429	27.50
11465.024840	26.30
11631.212760	24.45
11799.809609	24.64
11970.850305	24.67
12144.370271	24.54
12320.405445	24.23
12498.992285	24.38
12680.167779	24.44
12863.969449	23.64
13050.435363	22.86
13239.604139	24.06
13431.514956	24.95
13626.207560	24.52
13823.722274	22.47
14024.100004	18.24
14227.382252	15.40
14433.611118	15.61
14642.829314	14.58
14855.080172	15.76
15070.407650	16.98
15288.856344	15.69
15510.471498	15.87
15735.299010	15.29
15963.385443	14.47
16194.778036	14.20
16429.524714	12.27
16667.674093	12.51
16909.275497	13.26
17154.378963	12.63
17403.035256	11.62
17655.295873	12.40
17911.213060	13.92
18170.839820	15.54
18434.229924	14.24
18701.437922	13.87
18972.519156	15.48
19247.529769	15.95
19526.526718	15.65
19809.567786	14.68
20096.711592	11.08
20388.017608	10.25
20683.546166	8.87
20983.358471	9.27
21287.516618	8.21
21596.083601	8.21
21909.123326	8.72
22226.700627	8.30