	75° (sin filtrar)		
Frequency (Hz)	Level (dB)

11.139739	36.78
11.301211	36.84
11.465025	36.91
11.631213	36.99
11.799810	37.08
11.970850	37.19
12.144370	37.31
12.320405	37.44
12.498992	37.58
12.680168	37.72
12.863969	37.88
13.050435	38.05
13.239604	38.22
13.431515	38.39
13.626208	38.57
13.823722	38.76
14.024100	38.94
14.227382	39.11
14.433611	39.30
14.642829	39.47
14.855080	39.64
15.070408	39.81
15.288856	39.97
15.510471	40.13
15.735299	40.28
15.963385	40.43
16.194778	40.57
16.429525	40.70
16.667674	40.83
16.909275	40.95
17.154379	41.06
17.403035	41.16
17.655296	41.25
17.911213	41.34
18.170840	41.41
18.434230	41.47
18.701438	41.53
18.972519	41.57
19.247530	41.60
19.526527	41.63
19.809568	41.64
20.096712	41.64
20.388018	41.63
20.683546	41.60
20.983358	41.56
21.287517	41.51
21.596084	41.45
21.909123	41.37
22.226701	41.29
22.548881	41.18
22.875732	41.07
23.207320	40.94
23.543715	40.81
23.884986	40.66
24.231204	40.50
24.582441	40.34
24.938768	40.19
25.300261	40.03
25.666993	39.89
26.039042	39.77
26.416483	39.68
26.799396	39.64
27.187858	39.63
27.581952	39.66
27.981758	39.72
28.387360	39.81
28.798840	39.91
29.216286	40.01
29.639782	40.10
30.069416	40.19
30.505279	40.25
30.947459	40.30
31.396049	40.32
31.851141	40.30
32.312830	40.24
32.781212	40.14
33.256382	39.99
33.738440	39.81
34.227486	39.60
34.723620	39.39
35.226947	39.19
35.737568	39.02
36.255592	38.89
36.781124	38.78
37.314274	38.67
37.855152	38.54
38.403871	38.37
38.960543	38.12
39.525284	37.80
40.098211	37.40
40.679443	36.90
41.269100	36.30
41.867304	35.60
42.474180	34.82
43.089852	34.02
43.714448	33.35
44.348098	33.02
44.990933	33.13
45.643086	33.59
46.304692	34.17
46.975888	34.72
47.656813	35.16
48.347609	35.45
49.048418	35.56
49.759385	35.45
50.480657	35.07
51.212385	34.42
51.954719	33.53
52.707813	32.54
53.471824	32.11
54.246909	33.43
55.033230	36.23
55.830948	39.23
56.640229	41.98
57.461241	44.51
58.294153	46.80
59.139139	48.85
59.996373	50.56
60.866033	51.91
61.748299	52.92
62.643354	53.69
63.551382	54.31
64.472573	54.90
65.407116	55.49
66.355206	56.08
67.317038	56.68
68.292813	57.24
69.282731	57.69
70.286999	57.88
71.305824	57.76
72.339416	57.34
73.387991	56.78
74.451765	56.21
75.530959	55.73
76.625796	55.39
77.736503	55.23
78.863310	55.20
80.006450	55.21
81.166160	55.27
82.342680	55.44
83.536255	55.77
84.747130	56.21
85.975557	56.73
87.221791	57.23
88.486089	57.67
89.768713	58.00
91.069929	58.26
92.390007	58.47
93.729219	58.68
95.087844	58.97
96.466162	59.37
97.864459	59.88
99.283025	60.36
100.722153	60.68
102.182141	60.84
103.663293	60.92
105.165914	61.04
106.690316	61.34
108.236814	61.82
109.805729	62.42
111.397386	62.96
113.012114	63.28
114.650248	63.35
116.312128	63.19
117.998096	62.92
119.708503	62.69
121.443703	62.58
123.204054	62.57
124.989923	62.56
126.801678	62.51
128.639694	62.44
130.504354	62.40
132.396041	62.32
134.315150	62.16
136.262076	61.97
138.237223	61.78
140.241000	61.51
142.273823	61.05
144.336111	60.59
146.428293	60.31
148.550802	60.10
150.704076	59.97
152.888563	59.67
155.104715	58.79
157.352990	57.65
159.633854	56.35
161.947780	55.19
164.295247	54.98
166.676741	55.68
169.092755	56.58
171.543790	57.23
174.030353	57.71
176.552959	58.35
179.112131	58.86
181.708398	58.61
184.342299	57.74
187.014379	56.04
189.725192	54.32
192.475298	54.07
195.265267	54.01
198.095678	53.62
200.967116	53.51
203.880176	53.56
206.835462	53.70
209.833585	53.66
212.875166	53.72
215.960836	53.18
219.091233	52.31
222.267006	52.43
225.488813	53.53
228.757320	54.66
232.073205	54.85
235.437154	54.55
238.849865	53.82
242.312043	52.95
245.824407	52.14
249.387683	51.86
253.002609	52.06
256.669935	52.81
260.390419	53.03
264.164832	52.73
267.993956	52.55
271.878584	51.55
275.819521	50.08
279.817582	48.35
283.873596	46.96
287.988403	47.27
292.162855	47.18
296.397817	48.98
300.694165	51.70
305.052789	52.23
309.474593	51.82
313.960491	52.40
318.511414	53.50
323.128303	53.60
327.812115	53.39
332.563820	53.27
337.384402	53.09
342.274859	53.17
347.236204	52.08
352.269465	52.14
357.375684	51.87
362.555919	52.85
367.811243	53.30
373.142743	52.40
378.551525	51.83
384.038708	51.32
389.605429	51.13
395.252841	51.17
400.982113	49.57
406.794432	47.86
412.691002	47.41
418.673044	47.91
424.741797	50.30
430.898518	53.53
437.144481	53.62
443.480981	52.51
449.909331	51.72
456.430860	50.98
463.046920	50.93
469.758882	50.64
476.568134	48.89
483.476089	48.05
490.484175	48.99
497.593845	49.70
504.806572	49.13
512.123848	49.60
519.547190	49.65
527.078134	49.63
534.718242	46.64
542.469094	44.71
550.332296	47.48
558.309477	49.08
566.402289	51.66
574.612408	51.47
582.941535	50.32
591.391394	49.73
599.963735	47.38
608.660334	45.49
617.482992	46.86
626.433537	46.65
635.513821	46.94
644.725726	45.93
654.071160	44.13
663.552057	47.68
673.170382	50.90
682.928127	54.43
692.827312	54.47
702.869989	52.97
713.058235	51.37
723.394163	50.46
733.879912	51.13
744.517654	51.14
755.309592	50.48
766.257962	49.57
777.365030	47.27
788.633098	48.31
800.064499	50.57
811.661600	51.27
823.426804	52.47
835.362547	49.12
847.471301	48.85
859.755574	48.51
872.217910	45.67
884.860890	40.76
897.687132	40.48
910.699294	47.19
923.900070	49.09
937.292194	49.04
950.878439	45.90
964.661620	44.62
978.644591	46.02
992.830248	44.75
1007.221529	42.98
1021.821414	40.63
1036.632928	44.76
1051.659138	46.86
1066.903156	44.63
1082.368140	46.90
1098.057291	43.59
1113.973860	45.34
1130.121143	47.80
1146.502484	48.42
1163.121276	48.08
1179.980961	48.01
1197.085030	48.03
1214.437027	42.18
1232.040544	47.07
1249.899229	47.36
1268.016778	48.54
1286.396945	49.24
1305.043536	50.54
1323.960414	49.56
1343.151496	45.36
1362.620756	46.23
1382.372227	48.60
1402.410000	47.33
1422.738225	46.60
1443.361112	47.34
1464.282931	49.17
1485.508017	48.29
1507.040765	47.30
1528.885634	41.76
1551.047150	44.26
1573.529901	44.73
1596.338544	49.06
1619.477804	48.24
1642.952471	44.62
1666.767409	43.56
1690.927550	42.24
1715.437896	43.91
1740.303526	44.64
1765.529587	47.03
1791.121306	48.08
1817.083982	46.74
1843.422992	44.11
1870.143792	43.02
1897.251916	43.15
1924.752977	40.73
1952.652672	44.94
1980.956779	44.41
2009.671159	42.10
2038.801761	42.57
2068.354617	44.76
2098.335847	42.26
2128.751662	41.94
2159.608360	42.77
2190.912333	41.93
2222.670063	39.26
2254.888128	38.36
2287.573200	38.87
2320.732050	41.49
2354.371544	36.64
2388.498649	40.06
2423.120434	39.84
2458.244069	38.65
2493.876828	38.96
2530.026092	40.82
2566.699346	36.59
2603.904187	34.08
2641.648320	38.45
2679.939562	36.82
2718.785844	36.59
2758.195211	39.05
2798.175824	34.06
2838.735965	35.58
2879.884033	38.87
2921.628551	34.48
2963.978165	35.50
3006.941645	35.06
3050.527890	32.74
3094.745927	38.55
3139.604913	34.30
3185.114139	32.42
3231.283032	35.96
3278.121151	30.86
3325.638200	33.49
3373.844017	29.57
3422.748588	30.87
3472.362041	33.42
3522.694651	31.35
3573.756843	30.19
3625.559192	27.84
3678.112427	32.02
3731.427432	29.87
3785.515249	31.20
3840.387080	29.82
3896.054290	23.98
3952.528408	21.51
4009.821129	20.81
4067.944321	26.72
4126.910020	27.05
4186.730440	23.64
4247.417969	31.28
4308.985176	30.99
4371.444813	28.78
4434.809815	34.20
4499.093306	29.65
4564.308599	34.25
4630.469202	32.21
4697.588817	35.27
4765.681344	33.11
4834.760887	33.33
4904.841752	35.41
4975.938453	30.28
5048.065717	33.03
5121.238480	32.67
5195.471897	31.43
5270.781343	34.46
5347.182415	36.44
5424.690937	33.98
5503.322961	37.29
5583.094772	37.00
5664.022893	35.24
5746.124083	35.95
5829.415347	36.34
5913.913936	34.51
5999.637349	33.39
6086.603340	34.70
6174.829922	33.89
6264.335367	33.73
6355.138211	31.87
6447.257262	30.67
6540.711597	30.83
6635.520573	30.24
6731.703824	28.65
6829.281272	27.81
6928.273125	28.99
7028.699885	27.83
7130.582353	27.36
7233.941627	27.01
7338.799116	26.91
7445.176537	25.59
7553.095920	22.80
7662.579617	22.12
7773.650302	24.96
7886.330981	26.27
8000.644989	28.65
8116.616003	29.54
8234.268041	30.64
8353.625470	30.77
8474.713009	27.54
8597.555737	26.77
8722.179097	26.74
8848.608897	24.83
8976.871324	22.76
9106.992942	21.81
9239.000700	20.25
9372.921937	22.88
9508.784391	22.37
9646.616199	20.72
9786.445908	18.30
9928.302478	15.23
10072.215288	14.01
10218.214144	19.58
10366.329284	18.61
10516.591384	17.00
10669.031565	18.24
10823.681397	19.38
10980.572911	18.26
11139.738600	19.27
11301.211429	18.44
11465.024840	20.02
11631.212760	20.10
11799.809609	19.41
11970.850305	16.27
12144.370271	18.34
12320.405445	16.58
12498.992285	18.69
12680.167779	19.75
12863.969449	18.86
13050.435363	17.77
13239.604139	15.52
13431.514956	14.24
13626.207560	13.46
13823.722274	10.95
14024.100004	12.01
14227.382252	10.74
14433.611118	13.68
14642.829314	14.46
14855.080172	15.91
15070.407650	15.99
15288.856344	12.82
15510.471498	11.73
15735.299010	15.99
15963.385443	14.20
16194.778036	10.86
16429.524714	9.87
16667.674093	9.66
16909.275497	10.48
17154.378963	9.61
17403.035256	6.94
17655.295873	6.17
17911.213060	7.21
18170.839820	6.68
18434.229924	4.70
18701.437922	5.15
18972.519156	6.68
19247.529769	5.37
19526.526718	5.00
19809.567786	4.17
20096.711592	1.82
20388.017608	0.85
20683.546166	0.83
20983.358471	0.60
21287.516618	0.86
21596.083601	1.16
21909.123326	0.93
22226.700627	1.29