	sin filtrar (2,83 ish)		
Frequency (Hz)	Level (dB)

11.139739	33.40
11.301211	33.55
11.465025	33.71
11.631213	33.87
11.799810	34.04
11.970850	34.22
12.144370	34.39
12.320405	34.57
12.498992	34.74
12.680168	34.92
12.863969	35.11
13.050435	35.31
13.239604	35.49
13.431515	35.68
13.626208	35.87
13.823722	36.08
14.024100	36.28
14.227382	36.47
14.433611	36.69
14.642829	36.89
14.855080	37.09
15.070408	37.31
15.288856	37.50
15.510471	37.70
15.735299	37.88
15.963385	38.06
16.194778	38.23
16.429525	38.38
16.667674	38.50
16.909275	38.60
17.154379	38.67
17.403035	38.71
17.655296	38.71
17.911213	38.68
18.170840	38.58
18.434230	38.46
18.701438	38.30
18.972519	38.08
19.247530	37.81
19.526527	37.52
19.809568	37.20
20.096712	36.85
20.388018	36.49
20.683546	36.14
20.983358	35.81
21.287517	35.52
21.596084	35.28
21.909123	35.10
22.226701	34.98
22.548881	34.90
22.875732	34.86
23.207320	34.84
23.543715	34.84
23.884986	34.85
24.231204	34.85
24.582441	34.84
24.938768	34.81
25.300261	34.76
25.666993	34.68
26.039042	34.56
26.416483	34.36
26.799396	34.12
27.187858	33.77
27.581952	33.36
27.981758	32.84
28.387360	32.22
28.798840	31.53
29.216286	30.74
29.639782	29.92
30.069416	29.11
30.505279	28.32
30.947459	27.61
31.396049	26.97
31.851141	26.42
32.312830	25.92
32.781212	25.45
33.256382	25.00
33.738440	24.58
34.227486	24.19
34.723620	23.84
35.226947	23.55
35.737568	23.32
36.255592	23.15
36.781124	23.01
37.314274	22.90
37.855152	22.79
38.403871	22.66
38.960543	22.50
39.525284	22.32
40.098211	22.12
40.679443	21.93
41.269100	21.82
41.867304	21.90
42.474180	22.38
43.089852	23.41
43.714448	24.89
44.348098	26.54
44.990933	28.09
45.643086	29.42
46.304692	30.46
46.975888	31.23
47.656813	31.76
48.347609	32.08
49.048418	32.18
49.759385	32.05
50.480657	31.69
51.212385	31.14
51.954719	30.44
52.707813	29.79
53.471824	30.13
54.246909	32.52
55.033230	35.92
55.830948	39.15
56.640229	41.96
57.461241	44.48
58.294153	46.72
59.139139	48.71
59.996373	50.42
60.866033	51.85
61.748299	53.03
62.643354	54.01
63.551382	54.85
64.472573	55.59
65.407116	56.26
66.355206	56.85
67.317038	57.38
68.292813	57.83
69.282731	58.21
70.286999	58.47
71.305824	58.60
72.339416	58.60
73.387991	58.44
74.451765	58.10
75.530959	57.61
76.625796	57.05
77.736503	56.51
78.863310	56.07
80.006450	55.85
81.166160	55.86
82.342680	56.00
83.536255	56.22
84.747130	56.55
85.975557	57.04
87.221791	57.62
88.486089	58.22
89.768713	58.78
91.069929	59.30
92.390007	59.78
93.729219	60.25
95.087844	60.72
96.466162	61.09
97.864459	61.28
99.283025	61.35
100.722153	61.48
102.182141	61.77
103.663293	62.24
105.165914	62.75
106.690316	63.13
108.236814	63.43
109.805729	63.78
111.397386	64.02
113.012114	64.01
114.650248	63.93
116.312128	64.00
117.998096	64.29
119.708503	64.64
121.443703	64.81
123.204054	64.79
124.989923	64.68
126.801678	64.49
128.639694	64.20
130.504354	63.82
132.396041	63.45
134.315150	63.09
136.262076	62.53
138.237223	61.70
140.241000	60.77
142.273823	60.22
144.336111	60.19
146.428293	60.44
148.550802	60.71
150.704076	60.60
152.888563	59.98
155.104715	59.15
157.352990	58.38
159.633854	57.63
161.947780	56.97
164.295247	56.81
166.676741	57.16
169.092755	57.44
171.543790	57.29
174.030353	57.02
176.552959	57.06
179.112131	57.31
181.708398	57.43
184.342299	57.34
187.014379	56.95
189.725192	56.78
192.475298	56.53
195.265267	56.48
198.095678	56.85
200.967116	57.44
203.880176	57.87
206.835462	57.46
209.833585	56.77
212.875166	56.76
215.960836	56.88
219.091233	57.09
222.267006	57.59
225.488813	57.71
228.757320	57.71
232.073205	58.34
235.437154	57.86
238.849865	56.19
242.312043	54.88
245.824407	54.36
249.387683	53.47
253.002609	53.15
256.669935	53.65
260.390419	54.44
264.164832	55.12
267.993956	54.64
271.878584	54.12
275.819521	53.58
279.817582	52.32
283.873596	51.54
287.988403	51.04
292.162855	51.66
296.397817	53.24
300.694165	54.26
305.052789	55.11
309.474593	55.19
313.960491	54.92
318.511414	54.77
323.128303	54.37
327.812115	53.46
332.563820	52.83
337.384402	52.73
342.274859	53.05
347.236204	54.28
352.269465	54.95
357.375684	54.87
362.555919	55.03
367.811243	56.06
373.142743	55.75
378.551525	55.69
384.038708	55.06
389.605429	54.84
395.252841	54.70
400.982113	53.73
406.794432	53.37
412.691002	53.12
418.673044	52.29
424.741797	53.32
430.898518	54.16
437.144481	52.87
443.480981	52.25
449.909331	52.56
456.430860	51.28
463.046920	50.67
469.758882	48.69
476.568134	48.69
483.476089	52.16
490.484175	53.67
497.593845	54.06
504.806572	53.66
512.123848	53.55
519.547190	52.83
527.078134	53.12
534.718242	53.39
542.469094	53.21
550.332296	53.53
558.309477	53.32
566.402289	54.08
574.612408	53.19
582.941535	52.33
591.391394	51.78
599.963735	50.98
608.660334	52.55
617.482992	52.99
626.433537	52.01
635.513821	50.88
644.725726	51.32
654.071160	53.85
663.552057	55.99
673.170382	56.99
682.928127	59.59
692.827312	59.83
702.869989	58.69
713.058235	56.62
723.394163	56.48
733.879912	57.02
744.517654	56.37
755.309592	55.28
766.257962	55.93
777.365030	55.16
788.633098	54.53
800.064499	52.93
811.661600	53.06
823.426804	54.45
835.362547	55.16
847.471301	54.99
859.755574	52.93
872.217910	49.42
884.860890	48.08
897.687132	49.69
910.699294	50.82
923.900070	51.10
937.292194	52.95
950.878439	52.28
964.661620	50.78
978.644591	51.27
992.830248	50.90
1007.221529	49.61
1021.821414	48.51
1036.632928	48.07
1051.659138	48.46
1066.903156	47.71
1082.368140	51.45
1098.057291	48.59
1113.973860	48.58
1130.121143	50.34
1146.502484	47.55
1163.121276	46.55
1179.980961	51.43
1197.085030	58.05
1214.437027	60.64
1232.040544	56.91
1249.899229	52.34
1268.016778	55.42
1286.396945	55.87
1305.043536	56.01
1323.960414	56.25
1343.151496	55.74
1362.620756	55.16
1382.372227	52.78
1402.410000	50.73
1422.738225	51.89
1443.361112	52.16
1464.282931	50.77
1485.508017	49.79
1507.040765	52.54
1528.885634	54.63
1551.047150	55.99
1573.529901	54.97
1596.338544	53.78
1619.477804	53.10
1642.952471	53.21
1666.767409	54.34
1690.927550	53.17
1715.437896	53.36
1740.303526	53.59
1765.529587	54.20
1791.121306	54.84
1817.083982	52.69
1843.422992	52.02
1870.143792	52.59
1897.251916	51.89
1924.752977	51.60
1952.652672	52.31
1980.956779	50.95
2009.671159	51.14
2038.801761	51.24
2068.354617	51.54
2098.335847	49.11
2128.751662	49.32
2159.608360	51.82
2190.912333	48.70
2222.670063	49.29
2254.888128	48.96
2287.573200	47.02
2320.732050	49.22
2354.371544	49.46
2388.498649	49.13
2423.120434	47.89
2458.244069	46.78
2493.876828	49.49
2530.026092	49.28
2566.699346	47.66
2603.904187	47.97
2641.648320	49.41
2679.939562	48.68
2718.785844	48.38
2758.195211	49.39
2798.175824	47.25
2838.735965	47.84
2879.884033	49.45
2921.628551	47.73
2963.978165	47.86
3006.941645	47.87
3050.527890	47.54
3094.745927	49.66
3139.604913	48.60
3185.114139	48.62
3231.283032	49.32
3278.121151	48.83
3325.638200	49.38
3373.844017	49.54
3422.748588	49.30
3472.362041	50.27
3522.694651	49.01
3573.756843	50.18
3625.559192	49.95
3678.112427	51.26
3731.427432	50.72
3785.515249	49.25
3840.387080	50.45
3896.054290	49.82
3952.528408	50.20
4009.821129	48.99
4067.944321	49.64
4126.910020	49.05
4186.730440	49.52
4247.417969	49.78
4308.985176	50.15
4371.444813	50.17
4434.809815	51.39
4499.093306	50.94
4564.308599	51.01
4630.469202	50.43
4697.588817	51.33
4765.681344	50.97
4834.760887	50.32
4904.841752	51.11
4975.938453	50.41
5048.065717	49.93
5121.238480	49.49
5195.471897	49.61
5270.781343	50.26
5347.182415	50.71
5424.690937	51.61
5503.322961	52.14
5583.094772	52.17
5664.022893	51.21
5746.124083	50.87
5829.415347	50.25
5913.913936	49.18
5999.637349	48.74
6086.603340	46.45
6174.829922	45.48
6264.335367	44.85
6355.138211	43.89
6447.257262	43.32
6540.711597	43.28
6635.520573	43.94
6731.703824	44.61
6829.281272	45.20
6928.273125	44.89
7028.699885	44.15
7130.582353	43.53
7233.941627	43.04
7338.799116	41.75
7445.176537	40.92
7553.095920	41.84
7662.579617	42.52
7773.650302	43.68
7886.330981	45.16
8000.644989	46.09
8116.616003	46.20
8234.268041	45.63
8353.625470	44.69
8474.713009	43.25
8597.555737	41.78
8722.179097	40.24
8848.608897	39.85
8976.871324	40.19
9106.992942	40.84
9239.000700	41.65
9372.921937	41.93
9508.784391	42.78
9646.616199	43.28
9786.445908	44.04
9928.302478	43.95
10072.215288	41.81
10218.214144	41.39
10366.329284	40.75
10516.591384	40.63
10669.031565	40.48
10823.681397	40.57
10980.572911	40.42
11139.738600	40.42
11301.211429	40.32
11465.024840	39.14
11631.212760	37.37
11799.809609	35.91
11970.850305	35.12
12144.370271	35.78
12320.405445	36.29
12498.992285	36.48
12680.167779	35.89
12863.969449	34.39
13050.435363	32.81
13239.604139	32.06
13431.514956	31.34
13626.207560	30.58
13823.722274	28.27
14024.100004	24.76
14227.382252	21.33
14433.611118	17.63
14642.829314	18.26
14855.080172	17.88
15070.407650	20.04
15288.856344	18.64
15510.471498	16.46
15735.299010	16.38
15963.385443	19.26
16194.778036	18.07
16429.524714	14.95
16667.674093	13.72
16909.275497	14.63
17154.378963	14.83
17403.035256	13.74
17655.295873	13.31
17911.213060	14.61
18170.839820	15.82
18434.229924	15.58
18701.437922	13.95
18972.519156	14.94
19247.529769	14.32
19526.526718	12.91
19809.567786	10.26
20096.711592	3.61
20388.017608	0.15
20683.546166	0.16
20983.358471	0.04
21287.516618	0.50
21596.083601	1.12
21909.123326	1.06
22226.700627	0.75